6
0 0 0 0 0 0
0 345 0 0 0 347
0 0 0 346 0 347
347 0 0 0 0 0
0 0 0 346 0 0
0 0 0 0 0 347
0 0 0 0 346 0
354 349 349 0 0 0
0 0 0 350 350 352
350 348 350 350 350 349
0 346 0 0 0 0
0 0 350 350 349 354
0 0 346 0 0 0
349 353 351 351 348 0
0 0 0 0 350 352
351 351 0 0 0 0
0 350 349 349 354 350
0 0 0 345 346 0
348 0 346 0 0 0
349 354 353 351 0 0
347 0 0 0 0 346
348 0 0 351 354 355
346 0 0 346 0 0
0 0 347 0 346 0
0 345 346 0 0 0
353 353 0 0 348 352
347 0 0 0 346 0
348 0 350 353 355 353
0 0 345 345 0 0
354 354 353 351 0 345
347 0 0 0 349 351
0 0 346 0 0 348
0 346 0 0 346 0
0 347 0 347 0 0
0 475 0 0 0 350
0 346 0 0 349 353
0 348 0 349 353 354
352 352 0 0 0 350
352 0 347 344 0 0
352 352 0 0 346 0
353 353 353 0 0 347
351 352 0 346 0 0
0 346 347 350 0 0
0 0 0 0 0 484
358 0 348 0 0 347
354 354 353 0 345 0
0 0 347 346 350 0
0 0 346 0 350 353
350 0 349 0 352 0
350 351 353 394 351 351
0 0 350 351 0 348
478 0 0 0 351 352
0 480 354 354 355 354
353 355 353 353 354 455
0 0 352 490 0 0
351 349 0 351 354 353
0 347 0 350 0 351
0 353 487 346 357 354
0 351 0 345 350 0
0 484 0 0 356 351
0 352 351 0 346 0
350 352 351 352 351 388
445 352 0 0 0 0
484 0 0 0 0 0
352 354 349 0 352 350
351 0 0 346 347 0
354 0 0 344 0 348
0 349 351 350 354 391
351 353 355 436 0 0
350 0 348 351 0 352
0 354 0 0 474 0
0 0 0 440 358 0
349 354 0 0 531 0
353 348 0 351 348 0
0 350 349 390 356 353
350 353 350 352 388 350
0 487 0 0 0 0
351 385 353 350 350 349
354 466 0 0 0 0
0 346 347 0 354 352
400 352 353 352 352 352
535 383 0 0 363 0
0 347 349 0 0 347
0 346 358 345 0 351
366 0 347 475 343 368
0 0 0 487 0 0
0 0 486 0 0 0
394 354 352 351 350 0
0 354 518 366 0 0
0 526 371 0 0 361
337 0 0 461 0 348
389 354 354 352 0 0
350 0 0 0 0 495
352 351 352 353 411 0
352 354 0 349 0 347
0 0 0 471 355 355
0 0 352 400 352 353
0 0 0 0 488 0
354 388 349 0 0 0
0 0 0 0 482 356
345 0 357 0 353 352
351 0 0 0 482 0
360 356 352 0 481 0
348 0 483 0 0 0
0 351 390 354 353 351
0 520 437 0 339 0
349 359 353 351 0 481
0 494 346 0 0 0
361 0 0 485 0 0
353 448 348 359 353 354
0 0 0 525 358 0
0 0 473 355 355 355
355 353 359 0 0 492
0 346 341 0 475 0
344 348 370 0 347 506
0 0 351 351 391 355
0 482 0 0 347 0
556 481 0 338 0 0
0 0 0 350 353 412
0 339 360 535 355 361
469 0 0 0 350 0
0 353 351 349 350 0
355 354 405 0 0 0
0 0 0 480 0 344
0 0 495 352 0 0
339 0 488 0 354 0
0 0 497 346 357 0
355 374 0 344 515 350
0 350 0 0 0 479
325 359 507 480 364 409
0 0 482 0 0 349
354 359 0 0 451 0
506 354 354 355 354 353
0 0 0 348 0 486
358 0 348 350 347 0
0 349 492 0 0 0
0 0 0 0 351 465
0 493 343 345 0 0
353 353 351 356 444 357
0 0 344 501 355 0
0 344 0 490 349 354
503 0 350 0 0 0
0 0 347 341 0 486
0 0 0 352 400 351
352 367 351 524 0 0
350 351 395 350 351 349
0 0 346 0 485 0
0 357 0 494 337 0
0 0 368 0 0 492
475 0 0 348 0 0
454 358 0 339 0 0
0 0 504 0 347 0
0 367 466 0 383 339
352 480 347 344 475 0
0 556 0 523 0 0
0 480 0 351 352 356
516 348 344 412 0 0
483 0 0 0 0 348
346 0 352 478 0 0
347 356 507 0 0 0
0 501 0 338 0 347
341 0 0 0 348 494
486 0 355 349 353 354
0 0 471 0 348 350
0 492 0 345 0 0
345 0 362 536 332 0
0 348 0 492 0 0
359 347 352 465 0 345
0 0 0 542 0 544
357 348 0 480 0 0
354 352 349 413 349 0
351 350 392 355 351 0
489 0 0 358 350 356
353 361 386 362 373 375
352 353 351 354 357 533
0 0 346 356 393 420
0 490 490 0 0 0
0 353 351 0 0 478
349 0 493 359 0 0
347 0 0 0 476 350
512 0 0 559 0 373
344 508 0 0 0 348
351 376 350 371 361 0
539 0 560 424 0 339
345 0 490 351 355 350
372 358 354 352 533 350
0 346 0 330 408 517
0 339 0 360 0 490
0 0 0 353 493 0
335 0 526 339 337 0
0 534 0 554 483 0
0 0 337 508 0 350
352 350 356 354 521 0
507 480 364 409 368 360
0 340 354 455 388 0
348 349 486 0 342 0
0 338 0 359 492 334
356 0 487 336 0 335
340 0 0 346 514 350
0 357 0 0 477 365
349 356 482 358 346 397
0 0 346 0 496 346
339 0 419 0 0 529
0 505 0 0 535 0
514 348 363 0 341 0
370 342 0 0 521 343
346 0 0 340 0 521
0 421 369 359 359 355
364 481 0 364 342 0
0 355 339 525 0 356
339 348 363 488 332 554
0 0 563 352 0 499
409 0 336 0 391 431
513 358 0 0 0 336
345 345 540 363 370 347
367 477 405 352 391 350
345 518 0 348 0 0
507 0 362 333 0 372
0 341 0 481 0 350
0 563 352 0 499 330
355 343 0 0 0 502
337 512 357 0 380 0
332 0 330 346 0 472
369 355 504 358 0 0
499 341 337 0 0 386
393 0 0 518 367 362
369 508 344 0 0 335
346 350 347 530 353 351
349 0 0 466 394 0
512 0 343 0 338 0
0 347 355 445 377 350
336 343 0 527 484 0
494 479 0 0 0 0
465 337 519 0 0 0
334 344 0 506 344 0
340 0 0 342 510 0
339 357 0 360 555 0
0 0 343 343 495 355
0 341 0 0 340 523
339 0 372 0 348 506
368 445 335 569 0 349
351 358 399 352 0 0
358 552 349 378 352 0
335 0 354 0 532 0
0 374 350 349 365 534
0 344 542 0 358 0
529 0 0 527 0 0
334 0 526 0 0 340
341 0 339 507 0 421
0 0 0 0 496 502
548 542 0 0 0 334
416 356 406 389 347 0
449 349 352 0 0 0
502 0 339 0 0 397
0 0 471 376 0 339
0 0 497 511 0 0
0 0 0 517 521 0
351 341 565 355 0 338
0 549 358 388 0 339
0 356 333 0 529 341
341 0 0 372 332 517
426 387 347 373 350 343
403 343 458 394 0 356
563 352 0 499 330 0
0 332 513 339 0 413
450 345 339 0 398 429
0 0 552 538 0 337
373 381 349 384 363 395
352 358 531 328 539 0
381 336 343 0 527 484
0 350 490 344 339 0
530 0 548 542 0 0
356 364 511 338 346 0
413 344 469 0 0 325
0 0 356 329 499 0
0 0 534 0 554 483
434 350 416 352 351 360
347 385 413 555 343 0
529 0 0 379 329 0
562 365 436 356 0 0
0 0 547 0 0 533
347 447 357 350 0 0
537 377 340 391 363 0
346 0 330 408 517 377
445 335 569 0 349 0
338 346 532 0 341 352
539 338 0 0 343 398
342 337 0 0 370 539
0 0 373 354 340 558
0 373 354 340 558 343