6
0 0 0 0 0 0
0 340 0 0 0 0
343 0 0 0 0 360
340 343 344 342 352 0
0 0 364 0 0 0
357 0 0 0 0 0
338 381 347 340 341 345
0 340 339 402 354 336
0 448 345 0 0 0
347 348 0 0 0 0
0 0 0 0 349 353
0 0 0 394 348 368
0 0 0 338 0 0
0 0 352 343 344 355
332 0 0 0 376 0
0 0 0 0 0 352
399 360 335 0 0 0
0 0 0 0 367 0
0 0 0 342 0 340
346 347 362 332 0 0
342 0 344 0 0 0
389 342 409 339 357 427
0 348 0 0 359 0
338 0 0 332 0 0
0 340 335 0 0 345
0 344 0 349 0 0
0 0 0 354 433 0
332 337 0 356 0 0
343 0 0 0 344 377
364 332 0 0 0 341
0 330 0 0 0 360
0 0 333 364 0 333
0 339 0 0 373 334
0 0 362 0 0 361
0 343 333 356 0 0
0 363 402 0 354 337
344 352 349 450 353 447
0 332 351 0 555 0
0 0 0 548 0 0
340 0 384 341 344 381
339 377 344 0 357 0
0 0 349 339 0 0
0 369 406 0 351 0
0 0 358 0 349 0
365 374 347 385 413 555
348 339 373 392 433 352
324 354 0 0 341 0
563 0 339 0 340 0
572 345 336 357 335 343
325 0 551 0 0 0
0 400 382 349 370 412
344 0 333 0 0 360
0 335 367 336 0 346
367 349 413 344 469 0
359 332 497 0 0 341
0 0 339 0 500 377
0 0 332 0 341 344
0 0 346 343 362 0
383 534 341 360 342 0
332 0 348 340 0 0
0 335 0 330 320 0
351 359 351 0 0 378
347 0 0 364 343 339
0 338 522 343 0 481
0 409 0 336 0 391
0 0 0 535 0 330
329 0 339 0 372 350
487 0 0 498 0 0
337 0 327 462 333 401
0 0 0 0 0 554
0 551 0 0 0 0
0 508 0 0 0 441
0 341 485 0 0 0
330 340 0 355 339 341
0 345 0 462 492 347
0 603 0 0 355 0
437 334 357 369 367 342
342 436 389 433 365 0
0 0 0 0 572 345
0 341 0 335 337 398
368 445 335 569 0 349
0 0 551 369 340 356
339 0 331 0 346 0
0 528 359 339 392 349
336 361 372 394 0 370
0 348 367 339 341 0
329 0 0 335 356 0
365 375 339 0 341 384
0 0 482 494 0 0
372 332 517 0 371 0
325 0 364 343 340 0
358 391 349 510 0 0
0 360 0 0 0 536
398 507 0 0 0 0
354 338 547 343 382 351
0 335 341 0 0 541
359 370 530 0 0 0
343 0 0 516 0 339
419 0 0 340 0 351
0 0 0 546 340 0
0 0 353 454 467 338
469 0 0 0 536 0
340 389 0 347 0 343
0 362 536 332 0 0
550 0 0 0 348 0
339 0 0 561 0 0
386 427 363 406 379 430
0 0 531 308 0 0
0 0 0 0 583 0
347 385 413 555 343 0
506 0 0 0 342 329
547 0 331 0 0 0
363 344 0 532 0 0
359 0 528 357 0 0
0 372 332 517 0 371
352 0 0 0 0 554
337 350 345 330 0 542
517 333 0 0 356 0
0 0 0 331 334 506
343 355 0 0 340 348
547 0 0 366 361 341
522 343 0 481 0 0
396 396 0 362 341 0
560 0 0 0 0 0
0 0 0 0 408 539
414 381 349 402 325 0
341 0 577 362 372 332
351 0 0 371 506 0
382 342 0 0 530 0
342 344 405 0 341 500
346 347 355 416 550 0
0 573 0 365 0 0
0 0 573 0 0 0
0 345 424 330 398 342
511 0 340 350 363 340
0 374 0 539 0 0
0 335 0 543 0 336
0 400 0 334 475 0
0 497 0 337 345 340
0 549 358 388 0 339
254 342 334 387 370 339
0 325 359 507 480 364
356 333 0 529 341 0
0 0 544 0 320 338
543 0 336 0 0 340
0 0 355 555 0 361
0 327 0 0 327 503
339 0 335 0 543 0
0 0 343 346 0 524
367 0 456 331 0 339
344 344 355 338 334 511
0 0 505 0 0 535
346 0 330 408 517 377
0 520 0 0 345 356
0 0 336 551 0 0
440 373 394 410 0 0
340 501 361 393 369 352
353 339 0 0 0 539
0 0 316 0 526 0
571 343 0 0 0 0
0 344 0 544 339 338
352 358 531 328 539 0
562 365 436 356 0 0
0 0 0 339 493 337
0 436 0 0 502 0
0 539 0 560 424 0
341 0 554 0 0 541
0 373 0 539 329 0
0 337 525 376 340 383
0 0 563 0 0 330
361 0 0 378 0 541
530 0 542 548 0 0
345 342 366 529 347 351
531 0 0 0 0 345
342 346 354 338 547 343
0 0 559 0 361 0
468 337 0 0 0 433
0 549 523 0 0 0
532 0 341 352 0 0
341 0 0 372 332 517
480 0 0 503 390 358
546 0 0 326 0 0
362 536 332 0 0 0
0 0 0 336 0 551
330 408 517 377 337 437
344 0 400 0 334 475
352 537 412 343 349 408
558 343 339 387 342 0
356 0 0 340 501 361
530 342 339 0 0 340
0 0 549 358 388 0
0 0 0 574 348 401
539 338 0 0 343 398
368 382 342 0 0 530
461 448 387 350 362 354
337 0 0 0 525 353
0 0 360 573 345 361
337 430 433 375 0 0
0 295 339 0 483 346
0 326 0 355 0 513
352 450 345 339 0 398
560 424 0 339 0 0
349 0 359 337 0 447
0 339 507 0 421 318
453 0 334 0 0 459
0 527 484 0 0 413
358 0 0 528 344 0
0 458 347 452 410 348
355 555 0 361 0 0
340 342 442 436 368 340
332 329 0 363 424 0
333 386 427 363 406 379
346 515 0 0 0 345
0 0 370 539 355 0
563 352 0 499 330 0
0 0 0 465 409 451
493 347 368 349 412 0
347 530 342 339 0 0
509 341 429 343 348 325
0 334 249 0 0 0
385 413 555 343 0 0
0 480 0 0 503 390
0 342 341 348 342 535
0 373 354 340 558 343
0 0 530 0 542 548
556 0 523 0 0 0
393 0 351 364 461 0
329 0 363 424 0 345
361 518 0 0 339 0
0 556 0 0 597 0
345 376 0 341 437 385
539 359 332 497 0 0
542 548 0 0 0 334
408 539 342 349 400 350
0 0 461 448 387 350
343 539 359 332 497 0
333 0 603 0 0 355
0 458 420 350 340 332
549 358 388 0 339 0
361 363 348 0 518 344
0 254 342 334 387 370
531 328 539 0 0 0
0 518 341 0 331 0
429 343 348 325 0 350
338 522 343 0 481 0
458 347 452 410 348 0
351 341 565 355 0 338
0 346 0 330 408 517
0 340 336 562 365 436
0 0 325 359 507 480
0 0 448 0 342 448
339 507 0 421 318 0
0 539 338 0 0 343
0 0 563 352 0 499
359 507 480 364 409 368
0 563 0 339 0 340
400 0 334 475 0 0
0 563 352 0 499 330
0 534 341 334 0 0
0 343 334 439 408 0
345 0 362 536 332 0
341 565 355 0 338 0
0 0 0 556 0 523
347 333 458 0 491 0
509 351 346 356 438 389
443 0 343 0 432 0
334 439 408 0 0 0
370 539 355 0 0 344
362 343 539 359 332 497
497 0 0 319 335 0
539 0 560 424 0 339
0 525 0 333 340 0
554 0 0 541 0 350
527 484 0 0 413 0
0 0 373 354 340 558
450 345 339 0 398 429
338 352 358 531 328 539
397 423 348 351 437 0
0 0 346 355 560 341
335 0 543 0 336 0
325 359 507 480 364 409
338 346 532 0 341 352
390 400 338 335 474 368
0 0 0 334 249 0
362 369 543 337 355 0
404 342 0 0 501 348
0 0 458 347 452 410
357 0 496 0 357 358
486 335 0 347 356 366
342 337 0 0 370 539
336 0 366 0 0 530
0 0 465 446 0 347
490 0 333 341 0 347
0 353 0 0 469 459
392 402 345 0 533 0