6
0 0 0 0 0 0
351 340 370 373 339 357
0 365 342 0 0 0
0 0 0 0 0 342
0 363 0 0 0 0
328 0 0 0 0 0
0 0 0 0 345 0
0 0 0 344 0 0
0 0 346 349 342 351
384 406 350 344 378 344
362 352 384 345 0 0
337 0 0 337 0 0
342 0 0 0 0 336
0 0 339 0 0 0
0 337 353 361 344 349
325 342 371 345 396 0
0 0 0 0 354 348
324 342 0 0 0 0
377 0 353 0 0 0
0 0 0 355 352 347
349 0 362 344 344 354
0 0 0 330 0 332
327 0 0 0 350 0
336 0 342 0 0 350
0 352 0 360 0 0
0 0 0 0 572 355
0 0 0 374 342 0
354 346 356 0 0 0
0 344 366 346 0 338
0 0 456 0 0 462
0 0 369 0 0 338
0 338 334 0 0 336
0 0 335 0 357 339
357 343 361 341 0 341
373 0 0 0 344 378
0 339 0 342 0 359
250 337 347 337 356 294
0 0 337 0 344 0
583 348 345 358 349 347
449 371 335 353 338 0
0 545 0 337 0 0
0 345 0 0 484 347
0 403 0 350 347 343
338 363 0 350 0 0
329 0 343 524 336 345
0 339 0 0 0 375
0 0 342 342 0 0
352 340 343 450 329 0
356 357 0 0 0 329
337 0 0 337 0 331
0 477 331 348 369 346
345 0 0 351 338 346
0 0 0 0 0 549
357 349 0 0 365 0
0 0 383 365 0 330
341 0 339 0 341 0
553 0 0 0 0 341
0 338 0 0 358 0
0 337 538 0 0 0
358 347 0 341 347 349
0 311 0 295 339 0
0 0 0 0 566 0
350 347 333 0 0 343
0 0 0 342 0 542
329 0 319 335 0 0
570 0 0 0 0 0
0 0 327 503 334 0
0 356 339 0 338 0
332 358 344 398 507 0
518 368 0 0 0 0
369 0 0 553 0 0
0 0 0 555 0 0
0 357 345 338 0 0
355 344 0 338 0 356
338 339 343 531 0 0
327 503 334 0 345 0
352 341 355 0 360 0
336 391 508 0 0 0
329 0 338 0 364 358
348 335 344 339 493 359
386 340 0 0 332 345
0 359 0 528 357 0
342 0 0 363 333 0
339 541 0 0 0 0
0 543 0 0 339 0
348 0 518 344 0 0
389 342 409 339 357 427
336 0 338 352 337 0
0 406 0 0 343 353
0 0 499 404 0 0
355 560 341 337 356 0
0 0 329 0 541 0
375 355 0 340 426 0
338 356 0 0 340 501
352 0 0 0 0 526
0 369 340 0 341 339
0 0 0 360 573 345
0 346 355 560 341 337
352 389 425 354 455 381
344 381 353 0 531 0
0 343 364 370 333 0
0 0 0 523 0 353
529 0 0 379 329 0
325 0 551 0 0 0
0 492 0 0 516 0
339 0 335 0 543 0
346 336 344 0 336 342
340 511 384 363 332 350
0 0 568 0 0 355
346 0 0 0 481 336
0 0 545 0 0 0
0 0 458 442 347 340
349 383 534 341 360 342
0 0 331 554 0 0
0 0 523 346 357 378
0 536 0 0 416 355
0 457 0 0 0 570
531 0 0 0 352 0
0 330 0 523 354 351
0 0 341 0 577 362
0 0 338 346 532 0
336 0 0 327 546 0
337 0 0 370 539 355
0 0 0 0 345 555
342 0 0 0 538 0
548 373 372 0 0 0
0 0 448 0 342 492
0 0 0 589 358 344
348 339 349 339 344 554
344 554 0 328 0 0
0 572 355 0 0 0
344 0 400 0 334 475
356 0 553 344 371 361
0 0 556 0 0 597
0 0 366 335 370 0
338 354 340 383 0 487
541 0 341 338 335 345
364 385 0 0 0 538
0 347 522 334 364 369
0 0 525 0 333 340
381 353 0 531 0 0
349 339 344 554 0 328
413 555 343 0 0 332
345 0 518 341 0 331
377 350 440 342 484 0
0 340 0 374 0 539
0 555 552 0 0 0
538 0 0 0 338 345
0 0 339 0 0 561
352 378 430 381 351 0
0 563 0 0 0 351
346 406 378 0 0 458
358 336 343 526 343 385
549 358 388 0 339 0
0 0 532 0 325 0
334 511 351 343 0 0
506 0 0 379 0 0
0 448 0 342 492 346
0 0 0 327 529 0
0 0 0 0 507 500
490 0 333 341 0 347
0 461 448 387 350 362
385 413 555 343 0 0
0 525 0 333 340 0
0 0 0 572 355 0
342 344 405 0 341 500
0 0 333 530 0 356
0 0 0 353 454 467
0 372 332 517 0 371
0 365 0 553 0 0
0 0 343 346 0 524
531 0 340 0 0 329
0 0 353 454 467 338
527 484 0 0 413 0
0 549 358 388 0 339
359 507 480 364 409 368
0 0 367 400 412 415
0 564 0 0 0 0
362 536 332 0 0 0
0 338 321 0 539 0
539 338 0 0 343 398
338 0 355 479 0 372
0 404 342 0 0 501
338 352 358 531 328 539
0 0 556 0 523 0
413 344 469 0 0 325
539 359 332 497 0 0
295 339 0 483 346 0
403 343 458 394 0 356
514 366 339 429 391 341
342 563 0 0 0 358
351 403 343 437 439 374
0 295 339 0 483 346
556 0 523 0 0 0
311 0 295 339 0 483
0 0 340 336 562 365
453 367 354 337 334 391
0 548 373 372 0 0
391 440 373 394 410 0
0 337 357 349 383 534
341 0 0 372 332 517
0 338 0 355 479 0
0 0 373 354 340 558
0 0 0 519 520 0
0 391 332 423 375 408
358 531 328 539 0 0
347 0 476 0 0 515
0 341 0 404 446 337
0 504 365 339 366 0
0 331 334 506 0 0
353 0 0 469 459 0
0 0 366 542 340 340
507 480 364 409 368 360
331 0 517 337 341 0
344 411 0 0 504 0
0 347 530 342 339 0
362 343 539 359 332 497
520 0 0 345 356 366
338 0 348 498 0 0
336 343 0 527 484 0
381 336 343 0 527 484
562 335 0 0 0 344
402 346 404 458 357 339
333 0 603 0 0 355
0 539 338 0 0 343
537 412 343 349 408 0
465 409 451 341 350 339
0 375 411 350 430 390
454 467 338 382 337 311
335 341 0 0 541 337
347 385 413 555 343 0
0 0 563 352 0 499
0 335 0 543 0 336
0 563 352 0 499 330
554 0 0 541 0 350
341 0 555 552 0 0
0 0 548 373 372 0
0 336 0 0 327 546
333 0 0 341 0 554
0 355 555 0 361 0
325 359 507 480 364 409
372 344 346 0 0 576
0 524 0 416 351 376
408 517 377 337 437 339
0 0 0 458 347 452
522 343 0 481 0 0
0 325 359 507 480 364
469 459 0 0 0 362
0 373 354 340 558 343
602 0 342 0 0 0
381 456 355 401 336 392
345 0 362 536 332 0
338 346 532 0 341 352
534 341 360 342 0 0
0 527 484 0 0 413
338 0 0 545 351 350
479 0 372 362 0 0
357 407 399 340 0 441
434 444 0 340 337 0
336 0 494 0 420 0
346 0 330 408 517 377
339 507 0 421 318 0
339 344 554 0 328 0
429 391 341 409 0 0
334 0 0 0 335 549
555 343 0 0 332 0
0 345 391 341 0 510
0 339 507 0 421 318
0 574 348 401 333 347
344 405 0 341 500 357
473 382 341 343 474 347
0 362 536 332 0 0
0 346 0 330 408 517
351 341 565 355 0 338
0 563 0 339 0 340
468 340 335 0 0 433
450 345 339 0 398 429
0 0 0 340 336 562
555 552 0 0 0 0
0 0 0 556 0 523
0 0 325 359 507 480
563 352 0 499 330 0
453 0 334 0 0 459
531 328 539 0 0 0
0 353 454 467 338 382
330 408 517 377 337 437
374 347 385 413 555 343
354 473 382 341 343 474
563 0 339 0 340 0
344 478 336 346 492 0
393 0 351 364 461 0
339 350 345 360 408 434
323 377 350 440 342 484
526 0 0 330 0 345
556 0 0 597 0 0