6
0 0 0 0 0 0
0 0 0 346 0 0
349 351 349 351 349 349
0 0 346 0 0 0
0 346 0 0 0 0
0 0 350 353 352 353
349 353 352 349 0 0
0 0 0 0 346 0
347 0 0 0 0 0
350 352 352 353 350 0
0 0 0 350 351 352
0 0 0 0 349 352
0 0 0 0 0 347
0 0 345 346 0 0
0 350 352 350 354 349
350 350 0 0 0 0
0 0 0 345 346 0
0 348 0 0 0 346
418 355 0 0 0 0
347 0 0 350 354 355
0 0 349 0 346 0
354 353 350 0 0 0
346 0 0 346 0 0
347 0 0 0 0 348
381 336 343 0 527 484
347 0 0 0 347 0
349 0 349 353 354 353
348 0 0 0 349 350
353 352 353 0 0 347
0 345 0 0 345 0
353 354 353 352 0 345
359 352 361 0 0 462
0 346 0 0 349 353
350 351 350 352 387 350
0 0 348 0 348 353
352 352 0 0 0 349
484 0 0 0 0 0
351 349 0 0 346 0
395 352 352 352 352 352
347 0 346 0 0 0
353 0 0 349 0 350
0 349 0 350 353 354
0 346 0 346 0 0
354 354 352 0 346 0
352 0 350 0 0 347
0 472 355 354 355 354
0 0 346 0 0 347
351 349 0 351 354 353
0 348 0 351 350 0
0 345 346 0 0 0
486 0 0 0 0 349
350 0 349 0 350 0
352 353 0 347 0 0
0 0 349 347 349 0
0 0 0 347 0 347
357 349 0 345 348 0
352 470 0 0 0 0
0 348 348 350 0 0
0 0 348 348 0 350
0 0 486 0 0 0
0 342 0 482 0 349
0 346 360 346 0 347
0 348 0 0 469 0
0 0 0 0 474 354
0 348 349 0 0 345
351 0 0 350 347 0
352 354 0 349 0 347
0 0 0 0 487 0
349 0 352 346 0 0
354 438 0 0 352 0
350 351 351 353 351 393
357 0 353 350 347 0
338 436 342 0 335 342
353 353 0 0 348 352
348 0 485 0 0 0
497 0 347 0 0 0
352 351 352 356 449 0
0 0 0 486 0 0
351 399 351 353 352 350
0 0 0 0 356 466
0 0 344 500 339 0
0 0 494 350 0 0
0 0 363 0 0 480
0 346 0 347 0 348
350 352 387 353 350 350
0 479 0 0 352 0
0 488 0 0 0 0
353 353 348 0 351 351
506 354 356 355 354 353
0 0 490 0 349 346
350 0 348 346 0 358
482 0 0 0 354 352
0 0 0 496 355 0
480 0 0 354 0 0
0 346 348 0 356 0
0 0 357 497 0 0
0 345 347 0 352 353
487 0 0 359 352 356
0 482 0 338 0 363
0 0 347 0 486 0
0 340 354 455 388 0
0 0 468 355 354 355
0 0 0 0 0 486
0 349 352 350 354 388
351 0 0 0 484 0
342 0 0 0 345 496
0 0 346 0 490 347
359 358 354 0 487 0
0 497 349 0 0 0
0 352 0 0 0 477
0 364 484 0 346 0
0 359 497 0 0 0
345 0 358 0 354 352
491 0 358 348 356 354
0 350 353 389 356 353
392 352 352 348 0 0
350 352 352 443 0 0
470 0 0 0 349 0
0 0 484 0 0 349
349 353 0 0 487 0
354 355 432 0 0 0
353 353 353 351 354 490
0 0 0 472 356 354
0 489 0 344 0 0
0 479 0 0 355 351
340 0 347 493 0 396
500 341 0 338 0 0
354 0 0 476 0 0
349 0 359 482 342 362
0 0 0 349 0 491
346 353 480 356 350 356
0 346 0 496 349 355
0 345 347 349 349 0
347 0 470 350 353 352
0 352 404 350 354 350
347 470 354 353 348 359
341 0 0 374 502 0
355 349 0 478 0 0
0 348 0 490 0 0
0 0 0 352 493 0
340 350 368 0 349 528
366 496 344 0 0 344
351 351 356 0 0 532
0 339 0 358 0 475
347 506 0 378 344 0
393 353 354 350 354 0
450 345 339 0 398 429
354 367 373 351 370 374
360 354 372 372 0 0
345 0 0 343 0 523
345 0 344 382 493 378
340 0 0 346 514 350
0 347 346 0 0 491
0 539 0 560 424 0
0 556 0 523 0 0
539 338 0 0 343 398
0 0 0 493 0 344
343 0 0 0 470 353
0 347 361 441 355 354
349 356 348 356 448 354
417 406 350 360 352 348
339 0 419 0 0 529
356 350 351 402 351 0
0 0 506 0 349 0
350 350 352 397 351 351
349 347 485 0 347 0
0 340 0 0 378 491
474 481 0 0 0 0
0 0 0 352 354 401
0 0 445 389 0 346
347 354 351 353 0 494
363 394 362 343 0 424
339 346 0 501 341 0
349 0 0 0 0 496
0 464 351 0 338 0
354 350 0 0 0 496
478 334 536 0 0 0
0 495 0 0 532 0
356 0 487 336 0 335
479 357 337 0 0 378
0 0 350 431 352 354
0 445 388 0 340 339
0 346 0 0 464 345
0 0 349 338 0 493
0 0 349 352 399 354
341 531 0 352 0 0
0 360 0 356 483 336
485 408 0 350 0 0
513 347 0 0 348 0
360 510 346 360 359 0
0 364 351 347 363 527
0 492 0 352 348 355
515 358 0 0 0 336
0 0 0 539 0 560
445 335 569 0 349 0
354 0 353 496 0 0
345 0 362 536 332 0
355 361 345 505 0 347
0 0 563 352 0 499
481 0 342 0 0 359
0 344 341 0 513 0
339 0 372 0 348 506
351 393 351 357 362 0
356 347 348 513 353 354
0 488 0 0 0 350
325 359 507 480 364 409
350 408 352 352 0 0
0 362 519 353 352 380
338 0 495 0 357 0
351 352 396 359 392 350
0 341 457 342 0 496
365 535 354 352 368 344
355 374 0 344 515 350
339 348 363 488 332 554
350 350 395 352 351 0
0 0 350 354 352 403
556 0 523 0 0 0
0 0 0 350 401 350
0 0 529 0 0 527
563 352 0 499 330 0
512 0 0 559 0 373
548 353 398 349 0 0
0 488 344 343 0 0
0 344 474 0 397 340
0 506 0 331 340 0
0 563 352 0 499 330
512 0 343 0 338 0
0 0 539 0 560 424
349 382 356 539 0 0
539 0 560 424 0 339
370 342 0 0 521 343
372 355 355 354 543 347
331 0 517 337 341 0
386 349 381 378 0 347
0 0 516 352 366 0
0 0 339 472 0 350
359 0 521 376 0 0
0 482 355 340 355 0
0 360 528 339 0 0
362 354 453 348 0 0
338 0 355 0 501 0
339 357 0 360 555 0
343 509 0 0 0 346
0 347 493 348 344 0
0 343 345 561 353 386
347 385 413 555 343 0
0 344 349 353 446 351
362 343 539 359 332 497
355 443 447 344 384 349
517 0 0 545 0 0
448 0 342 448 344 376
338 522 343 0 481 0
334 0 0 476 0 348
357 412 351 0 0 0
0 0 325 359 507 480
342 337 0 0 370 539
514 371 350 365 360 0
0 0 348 331 501 0
0 531 384 0 0 362
348 0 0 470 350 353
0 373 0 539 329 0
0 346 0 330 408 517
532 0 341 352 0 0
341 565 355 0 338 0
527 484 0 0 413 0
338 346 532 0 341 352
0 355 339 525 0 356
337 0 0 365 335 453
508 347 339 495 0 0
507 0 362 333 0 372
0 344 356 504 420 363
322 0 313 352 0 496
348 363 488 332 554 0
413 344 469 0 0 325
369 381 356 381 366 393
507 480 364 409 368 360
514 347 348 0 0 0
0 549 358 388 0 339
529 0 0 379 329 0
0 325 336 0 506 344
333 0 603 0 0 355
453 362 341 342 446 350
343 539 359 332 497 0
458 347 452 410 348 0
336 343 0 527 484 0
549 358 388 0 339 0
409 0 336 0 391 431
351 341 565 355 0 338