6
0 0 0 0 0 0
0 345 349 351 0 0
347 0 0 0 0 0
0 0 0 0 0 347
0 0 0 0 349 352
0 0 346 0 0 0
346 350 350 349 350 349
0 0 0 346 0 0
0 0 350 349 351 354
353 350 350 0 0 0
347 0 0 0 346 0
352 351 0 0 0 0
348 352 353 351 0 0
0 0 0 350 352 350
0 0 0 0 346 0
0 346 0 0 0 0
0 349 351 352 354 349
348 0 345 0 0 0
351 350 352 349 349 0
353 352 352 354 405 0
348 0 0 346 0 0
0 0 346 0 345 0
0 347 0 346 0 0
0 345 0 0 348 0
0 0 0 347 0 346
0 0 345 346 0 0
0 0 346 0 0 347
353 354 353 0 345 0
347 0 0 0 0 347
0 0 0 345 347 0
0 346 0 0 0 346
351 352 0 0 347 0
0 0 346 0 348 353
0 345 346 0 0 0
353 352 351 0 0 347
353 355 348 0 350 351
352 352 0 0 0 348
0 347 0 350 350 0
352 354 433 0 0 0
354 0 345 0 0 347
483 0 0 0 0 0
353 0 0 344 0 351
0 345 0 344 382 493
347 0 351 354 354 353
0 460 354 354 354 353
0 346 0 0 351 353
483 0 0 0 0 347
348 0 352 0 348 0
346 0 0 351 354 355
0 349 0 0 0 482
351 350 350 350 481 352
348 0 0 0 350 350
0 352 0 350 350 354
352 355 0 348 0 347
0 0 351 347 347 0
351 0 501 350 0 0
0 0 486 0 0 0
0 0 0 493 347 0
348 0 0 347 345 0
353 354 353 352 0 345
349 352 353 350 354 402
435 350 353 354 355 355
0 0 497 348 0 0
0 353 352 0 350 0
353 352 0 345 0 0
350 0 346 345 0 0
0 0 350 351 0 347
345 0 358 0 353 352
0 508 340 0 0 345
0 0 0 346 0 478
0 0 0 0 477 353
349 393 352 351 352 350
0 346 349 0 0 345
348 353 399 352 353 352
379 350 356 348 350 348
0 486 0 0 0 0
387 351 358 351 0 0
0 353 355 354 352 0
0 0 0 0 487 0
342 0 352 0 497 0
478 0 0 358 351 354
0 0 0 487 0 0
0 330 345 0 475 346
353 0 0 478 0 0
351 0 348 346 0 353
0 0 350 351 401 355
351 349 0 351 354 353
0 479 344 345 0 0
362 352 349 364 350 365
353 353 0 0 348 352
0 0 346 0 484 0
0 385 0 0 504 0
0 348 0 488 0 0
0 347 0 350 0 357
353 392 352 351 349 0
347 0 481 0 0 0
0 475 0 0 0 352
0 0 346 0 492 346
352 351 352 390 350 0
351 351 357 443 0 0
0 352 403 352 353 352
341 359 350 377 349 541
370 342 0 0 521 343
0 0 484 0 0 349
0 0 0 0 0 485
352 348 0 478 0 0
379 358 345 0 430 0
357 353 0 345 348 0
354 466 0 0 0 0
345 391 348 538 0 0
0 341 0 350 411 352
0 349 348 0 0 491
0 344 345 0 348 354
460 352 0 0 0 0
0 0 460 354 354 355
0 345 364 346 0 350
0 0 0 473 355 355
353 350 0 0 0 487
475 0 0 0 352 0
348 351 353 393 351 349
0 0 0 350 352 392
0 482 0 0 353 350
0 0 349 0 0 470
0 0 0 493 0 345
357 0 348 351 347 0
0 476 0 0 347 0
0 495 0 346 0 0
0 514 0 337 0 343
350 360 353 351 0 479
0 345 0 497 349 353
350 0 0 0 0 496
338 522 343 0 481 0
486 0 353 348 357 353
394 390 350 358 350 352
351 355 0 0 489 0
0 0 478 0 348 352
350 0 0 0 482 0
341 0 0 372 332 517
0 527 484 0 0 413
0 351 350 355 354 383
0 0 495 0 345 0
355 349 352 350 354 503
350 350 351 350 388 350
522 355 354 355 355 352
0 0 0 0 351 470
0 348 0 0 488 358
351 400 353 353 0 0
325 359 507 480 364 409
338 0 0 464 0 348
0 343 345 561 353 386
357 0 350 492 0 0
497 0 348 0 0 0
489 0 0 0 348 357
0 496 347 0 0 0
0 0 351 392 352 352
402 351 353 351 349 0
350 357 356 0 508 0
0 0 0 351 498 0
341 0 0 340 490 0
348 0 488 0 0 345
0 0 346 340 0 482
0 0 352 493 0 0
348 363 488 332 554 0
342 0 0 0 345 496
0 348 353 352 351 434
352 352 352 355 510 0
342 498 0 347 0 0
523 370 0 0 351 0
0 342 0 484 0 348
349 351 395 350 349 0
0 352 495 0 0 0
348 459 351 360 351 351
339 0 419 0 0 529
351 350 352 0 0 498
0 0 341 348 486 0
0 0 0 351 420 352
506 353 360 405 0 0
0 338 0 0 337 497
335 0 526 339 337 0
0 0 556 0 523 0
359 470 344 0 0 342
360 372 363 354 349 444
351 391 351 0 0 0
344 0 0 0 483 351
342 518 0 0 0 343
426 349 360 0 0 454
353 348 437 0 0 352
356 345 353 467 351 350
0 0 0 556 0 523
507 0 362 333 0 372
487 0 0 342 340 0
359 344 501 0 346 0
340 0 347 493 0 396
0 358 519 343 0 0
474 0 338 0 0 370
348 368 352 490 350 0
338 346 0 505 365 0
353 344 508 347 339 495
0 412 393 0 349 339
380 350 377 381 0 350
408 351 353 0 0 0
381 388 403 349 363 357
375 515 393 348 387 357
348 383 442 360 373 394
0 479 0 335 344 0
353 0 483 351 354 349
0 352 351 397 354 351
488 0 0 346 0 0
0 355 339 525 0 356
507 480 364 409 368 360
498 0 343 0 356 0
498 350 357 0 339 0
0 563 352 0 499 330
0 342 340 0 479 0
347 0 0 483 390 0
348 353 500 359 356 348
405 378 341 351 450 360
508 356 0 0 0 340
0 344 474 0 397 340
352 355 425 350 0 0
355 374 0 344 515 350
353 368 354 378 404 356
347 493 0 396 340 0
335 520 342 0 345 0
0 0 486 0 0 533
0 0 348 351 352 406
556 0 523 0 0 0
427 347 540 0 0 0
0 0 345 508 339 0
344 0 0 345 0 525
409 0 336 0 391 431
478 0 0 517 0 0
355 0 0 509 358 358
332 0 330 346 0 472
510 351 0 367 0 0
372 0 340 502 343 363
0 343 355 473 398 351
512 0 0 559 0 373
450 345 339 0 398 429
0 0 353 503 352 364
0 351 350 351 407 353
345 0 362 536 332 0
0 0 358 486 0 347
351 341 565 355 0 338
526 0 0 389 0 335
0 502 0 358 350 356
338 346 532 0 341 352
0 355 555 0 361 0
537 412 343 349 408 0
530 342 339 0 0 340
563 352 0 499 330 0
479 353 345 417 342 0
362 363 338 528 0 346
539 338 0 0 343 398
344 508 347 339 495 0
332 0 0 349 521 345
340 350 368 0 349 528
0 344 384 437 344 359
342 337 0 0 370 539
336 562 365 436 356 0
0 366 0 533 343 0
0 0 548 366 380 0
339 357 0 360 555 0
343 0 501 0 340 0
329 0 352 0 364 507
0 549 358 388 0 339
403 342 426 423 364 0
363 340 344 0 522 412
356 0 487 336 0 335
0 337 525 376 340 383
0 556 0 523 0 0
0 347 530 342 339 0
346 0 330 408 517 377
0 0 563 352 0 499
0 554 360 344 352 356
0 339 0 335 0 543
374 347 385 413 555 343
0 338 522 343 0 481