6
0 0 0 0 0 0
523 0 0 0 0 0
334 339 0 0 0 525
361 363 348 0 518 344
349 343 338 339 335 339
350 339 337 342 347 0
0 0 0 330 0 0
0 0 0 0 322 0
338 346 385 0 0 0
0 341 0 0 0 0
0 0 349 0 0 0
0 373 0 0 326 0
346 353 0 0 0 0
0 338 0 335 0 0
0 0 344 334 335 0
0 0 0 0 0 354
344 346 339 332 0 0
0 0 0 0 0 563
337 0 0 343 410 352
0 0 351 336 363 354
0 345 356 361 337 335
0 0 0 347 354 336
0 0 0 0 361 363
0 328 362 0 329 346
0 0 342 340 0 0
381 0 0 0 0 334
0 0 357 0 341 0
0 0 0 359 0 344
0 0 351 377 0 346
0 0 362 0 0 358
0 338 0 0 366 329
337 0 0 0 361 516
371 346 348 0 0 332
336 349 355 337 0 345
343 0 342 0 0 0
370 334 350 0 331 0
0 335 0 0 0 350
350 343 0 0 341 0
0 341 333 0 0 0
352 347 0 344 386 350
342 0 342 0 0 533
559 0 329 0 0 0
0 0 541 351 370 391
349 346 0 0 335 354
342 380 0 340 0 0
0 326 0 374 362 0
335 0 0 0 344 0
0 553 0 0 0 0
348 0 0 0 339 336
336 0 332 366 0 0
0 337 344 0 0 343
0 0 0 345 430 0
0 334 0 339 0 335
338 0 0 477 0 0
357 0 0 379 0 370
367 0 340 341 377 357
0 0 353 0 332 350
338 413 342 348 399 384
0 0 0 0 533 0
348 350 352 0 341 348
0 547 346 347 351 338
0 559 0 361 0 0
349 0 372 0 378 0
0 0 0 0 574 340
0 0 0 552 0 0
316 0 0 0 0 0
330 375 0 0 0 340
0 0 0 536 362 0
339 352 358 531 371 538
0 0 367 516 341 348
456 331 0 339 342 0
0 0 0 330 0 523
375 347 407 379 377 360
0 345 343 341 0 0
354 340 558 343 339 387
508 0 359 344 350 336
335 569 0 349 0 0
374 0 539 0 0 0
367 368 407 431 0 0
352 0 0 0 0 554
0 361 0 336 369 330
357 337 381 340 352 497
337 0 0 336 331 0
372 0 333 0 0 338
538 0 0 469 0 0
338 0 355 479 0 372
0 483 450 0 0 0
0 0 365 0 0 559
329 342 354 365 499 0
0 339 0 500 377 359
0 365 372 0 362 0
0 484 0 0 540 0
346 406 378 0 0 458
0 0 333 547 0 0
0 387 338 338 381 418
550 334 392 343 363 340
350 371 344 362 493 347
355 560 341 337 356 0
0 0 549 0 0 0
0 404 446 337 373 345
431 440 345 371 343 343
0 0 356 333 0 529
344 0 345 0 343 350
482 0 0 358 376 340
358 336 0 492 0 0
342 343 336 532 0 345
337 525 376 340 383 354
0 0 0 537 349 351
475 343 348 360 351 408
0 447 335 428 343 340
0 0 0 0 336 543
0 0 524 0 416 351
339 429 391 341 409 0
463 0 0 340 0 0
0 357 0 528 0 0
521 0 0 337 353 0
344 354 342 542 0 0
345 555 0 0 0 0
330 0 0 0 541 0
348 363 0 337 0 338
534 341 360 342 0 0
0 364 0 0 0 555
0 0 549 0 362 0
358 395 339 550 358 0
0 526 0 0 0 369
373 0 539 329 0 0
358 531 371 538 0 0
0 335 364 341 0 337
406 378 0 0 458 0
0 335 542 0 0 0
363 0 337 354 0 331
507 480 364 409 368 360
343 0 332 334 346 0
0 0 373 0 539 329
558 343 339 387 342 0
384 381 545 0 0 0
343 458 394 0 356 0
0 0 528 370 0 0
0 345 391 341 0 510
325 0 508 0 359 344
339 334 342 436 389 433
0 331 340 365 347 0
493 337 0 351 0 0
338 334 511 351 343 0
0 563 0 339 0 340
373 354 340 558 343 339
0 0 465 409 451 341
470 330 0 0 0 324
514 0 0 337 0 330
362 493 347 368 349 412
407 399 340 0 441 0
0 349 381 456 355 401
0 0 0 359 386 540
345 368 445 335 569 0
505 0 0 535 0 429
539 359 332 497 0 0
339 0 534 341 334 0
361 531 338 0 0 0
370 0 0 0 517 333
336 0 0 327 546 0
0 0 336 0 551 0
0 0 563 352 0 499
531 308 0 0 0 0
0 332 0 513 0 364
0 542 0 0 367 0
404 407 359 412 337 0
540 0 0 0 325 0
548 373 372 0 0 0
0 340 0 0 331 554
357 0 360 555 0 0
333 0 0 341 0 554
0 0 0 0 540 529
549 358 388 0 339 0
384 395 342 345 0 442
343 417 452 347 349 334
403 343 437 439 374 0
0 340 336 562 365 436
335 0 437 366 351 337
480 0 0 0 409 358
339 365 344 0 347 530
342 0 0 530 0 332
0 329 0 0 491 0
351 341 565 355 0 338
0 0 0 408 539 342
0 0 548 373 372 0
336 343 0 527 484 0
0 0 329 0 343 524
353 0 0 469 459 0
0 0 0 524 0 416
0 509 0 0 348 346
0 0 361 531 338 0
336 367 0 456 331 0
341 0 500 0 0 330
0 0 340 336 562 365
522 0 0 0 0 517
334 341 0 0 553 0
336 0 0 510 352 334
493 347 368 349 412 0
342 337 0 0 370 539
0 0 538 0 0 469
339 0 335 0 543 0
0 525 0 333 340 0
445 335 569 0 349 0
370 539 355 0 0 344
0 511 0 340 350 363
369 543 337 355 0 0
356 0 553 344 371 361
540 529 0 330 0 0
480 0 345 0 0 461
0 541 370 0 0 351
346 0 330 408 517 377
385 413 555 343 0 0
0 0 504 340 0 335
325 359 507 480 364 409
0 362 536 332 0 0
0 343 346 0 524 0
404 342 0 0 501 348
0 325 359 507 480 364
0 338 346 532 0 341
332 0 330 365 0 509
330 408 517 377 337 437
405 0 0 349 331 419
341 0 554 0 0 541
342 361 518 0 0 339
405 0 341 500 357 356
0 373 0 539 329 0
507 0 421 318 0 336
0 518 341 0 331 0
350 345 330 0 542 0
541 370 0 0 351 0
337 350 345 330 0 542
0 346 0 330 408 517
0 404 342 0 0 501
563 352 0 499 330 0
345 0 362 536 332 0
525 0 333 340 0 432
335 0 543 0 336 0
536 0 339 0 342 0
365 374 347 385 413 555
0 342 341 348 342 535
339 436 0 399 338 351
355 479 0 372 362 0
374 347 385 413 555 343
0 347 530 342 339 0
0 336 543 359 362 376
0 355 479 0 372 362
0 0 325 359 507 480
372 344 346 0 0 576
0 0 337 357 338 499
0 345 0 362 536 332
393 0 351 364 461 0
0 340 0 374 0 539
0 0 0 465 409 451
0 540 529 0 330 0
0 408 0 0 483 356
359 507 480 364 409 368
0 443 0 343 0 432
409 0 336 0 391 431
468 340 335 0 0 433
532 0 341 352 0 0
0 342 384 345 453 383
334 0 345 0 362 536
0 549 358 388 0 339
571 0 0 0 0 364
342 563 0 0 0 358
338 522 343 0 481 0
336 465 345 420 370 336
0 0 540 529 0 330
514 366 339 429 391 341
0 295 339 0 483 346
0 373 354 340 558 343
0 0 338 346 532 0
403 343 458 394 0 356
339 357 0 360 555 0
0 400 0 334 475 0
496 0 357 358 335 0
539 338 0 0 343 398
450 345 339 0 398 429
0 563 352 0 499 330
0 548 373 372 0 0
0 504 365 339 366 0
345 0 518 341 0 331