6
0 0 0 0 0 0
0 0 0 0 0 350
340 0 0 329 0 0
359 357 349 344 348 353
0 0 0 0 339 350
0 355 0 0 0 0
378 0 0 0 0 0
0 0 0 339 0 0
0 0 0 0 338 0
341 350 343 337 349 0
0 0 333 0 0 0
365 361 341 355 0 0
0 0 0 347 399 342
0 336 320 395 349 360
0 0 456 0 354 355
0 0 340 355 0 0
0 0 470 0 0 371
0 0 0 335 326 0
342 0 358 0 0 0
344 356 380 0 0 0
0 0 340 0 345 0
0 332 0 0 335 0
0 0 356 363 345 340
338 0 0 0 366 0
0 0 330 333 372 0
342 0 0 339 337 336
374 343 0 0 0 0
0 0 0 362 0 344
506 0 0 0 0 336
0 338 337 0 0 0
366 345 340 0 348 0
0 369 0 354 0 0
337 341 0 0 0 340
358 341 0 0 343 0
0 346 423 337 398 336
405 344 0 336 341 0
0 335 0 543 0 336
0 325 0 345 0 360
0 342 0 339 362 0
334 337 0 342 349 338
0 0 546 0 0 0
0 516 346 340 379 368
0 342 0 0 0 337
0 0 0 0 521 373
338 0 336 345 371 357
345 342 335 0 0 347
0 0 0 569 0 0
0 342 0 0 379 342
0 344 363 0 0 337
345 0 0 0 0 422
538 0 0 469 0 0
361 0 342 337 0 0
336 0 0 365 331 0
336 351 339 0 340 354
0 0 0 337 0 543
525 0 332 0 0 0
403 346 0 362 0 0
356 368 342 346 0 337
334 0 0 0 374 352
0 0 0 0 558 0
0 339 326 0 327 348
0 414 369 349 351 431
0 0 568 348 0 0
341 0 340 0 353 0
0 350 329 364 0 0
362 343 539 359 332 497
362 338 337 534 0 0
334 0 339 0 335 335
0 528 357 0 0 0
345 0 518 341 0 331
0 0 338 0 384 440
0 561 0 0 0 0
0 0 527 349 366 338
346 0 0 368 0 393
344 0 354 0 0 347
0 336 0 385 349 347
0 344 334 335 0 331
355 337 0 363 0 345
549 523 0 0 0 0
438 346 356 418 340 0
0 0 0 502 502 0
0 0 335 367 0 343
0 355 555 0 361 0
0 0 0 403 356 447
0 0 0 0 0 559
0 0 0 532 350 347
361 341 0 0 340 358
0 556 0 523 0 0
379 376 349 330 488 0
370 539 355 0 0 344
0 0 363 0 528 0
343 339 407 377 398 384
0 0 532 0 325 0
0 334 0 0 0 537
342 354 365 499 0 345
0 0 345 555 0 0
345 344 561 336 344 347
0 536 0 0 416 355
0 0 0 562 332 0
0 327 371 0 345 0
0 0 344 341 479 390
348 0 338 333 367 0
358 352 354 354 342 527
343 409 0 0 0 472
0 536 0 339 0 342
0 0 0 343 516 499
0 602 0 342 0 0
0 343 0 528 0 0
0 0 339 0 0 503
0 0 504 340 0 335
0 356 333 0 529 341
356 546 0 0 0 0
523 337 342 336 340 349
0 518 341 0 331 0
0 526 0 0 343 0
341 0 0 372 332 517
0 497 0 337 345 340
0 329 0 0 539 0
347 537 346 339 343 335
440 342 484 0 0 0
0 0 331 0 517 337
409 0 336 0 391 431
347 530 342 339 0 0
545 0 0 393 341 374
0 0 0 555 0 337
399 454 389 342 409 339
343 437 439 374 0 0
343 336 532 0 345 0
0 514 546 0 0 0
0 336 543 359 362 376
346 532 0 341 352 0
601 0 0 0 0 0
0 343 364 370 333 0
335 344 347 440 431 0
541 0 0 0 399 354
0 0 0 0 415 496
381 336 343 0 527 484
0 549 358 388 0 339
334 0 0 538 0 0
338 383 363 346 439 423
0 514 0 0 0 475
0 340 0 374 0 539
539 0 0 0 362 0
0 375 330 0 470 0
405 0 341 500 357 356
344 334 0 0 538 0
0 340 336 562 365 436
350 345 330 0 542 0
450 329 0 0 0 495
420 338 393 400 332 358
385 0 0 0 538 0
554 0 0 541 0 350
333 0 529 341 0 0
342 0 0 530 0 332
0 338 346 532 0 341
378 340 347 0 475 343
337 350 345 330 0 542
336 0 0 327 546 0
342 337 0 0 370 539
0 465 409 451 341 350
341 0 328 362 0 329
0 0 358 336 0 492
374 0 539 0 0 0
337 357 338 499 335 343
0 338 522 343 0 481
330 488 0 362 0 0
344 345 0 518 341 0
338 344 411 0 0 504
521 0 0 337 353 0
425 416 335 367 363 388
539 338 0 0 343 398
0 0 490 349 343 0
507 480 364 409 368 360
0 0 0 335 542 0
517 337 341 0 0 0
342 0 0 0 334 522
391 398 351 341 565 355
511 0 340 350 363 340
342 436 389 433 365 0
333 0 0 341 0 554
0 348 508 330 0 0
342 353 343 417 452 347
363 344 0 532 0 0
347 0 476 0 0 515
0 448 0 342 492 346
333 0 603 0 0 355
0 529 0 0 545 0
0 325 359 507 480 364
355 560 341 337 356 0
0 0 370 539 355 0
358 531 328 539 0 0
337 0 0 496 465 0
0 337 357 349 383 534
0 525 0 333 340 0
351 341 565 355 0 338
356 0 553 344 371 361
0 0 525 524 0 0
527 348 0 0 0 333
333 547 0 0 0 351
325 359 507 480 364 409
0 0 340 501 361 393
338 0 0 545 351 350
395 339 550 358 0 0
340 0 374 0 539 0
0 336 0 0 327 546
539 359 332 497 0 0
343 516 499 0 0 0
254 342 334 387 370 339
0 345 0 478 486 347
0 527 484 0 0 413
0 408 0 0 551 355
0 563 352 0 499 330
543 0 336 0 0 340
352 358 531 328 539 0
356 450 0 0 452 0
0 0 373 354 340 558
366 397 388 419 344 412
0 339 507 0 421 318
0 0 334 0 0 304
343 417 452 347 349 334
413 344 469 0 0 325
0 0 563 352 0 499
338 346 532 0 341 352
0 337 0 0 496 465
352 349 450 353 447 0
443 0 0 0 0 534
341 0 339 507 0 421
0 0 530 0 0 545
327 503 334 0 345 0
537 412 343 349 408 0
0 404 342 0 0 501
340 339 357 0 360 555
341 0 404 446 337 373
339 0 338 511 0 0
0 517 333 0 0 356
0 0 465 409 451 341
514 0 0 337 0 330
364 459 344 410 366 346
338 352 358 531 328 539
0 346 0 330 408 517
0 373 354 340 558 343
335 0 543 0 336 0
0 505 350 334 0 0
346 0 330 408 517 377
0 373 0 539 329 0
522 343 0 481 0 0
0 0 0 461 448 387
507 0 421 318 0 336
403 343 458 394 0 356
366 0 0 0 545 345
368 445 335 569 0 349
541 370 0 0 351 0
357 407 399 340 0 441
0 347 530 342 339 0
404 342 0 0 501 348
473 382 341 343 474 347
415 372 346 0 0 473
391 341 501 513 0 0
453 0 334 0 0 459
429 450 331 345 348 0
450 345 339 0 398 429
345 0 478 486 347 0
549 358 388 0 339 0
398 351 341 565 355 0
359 507 480 364 409 368
0 341 0 577 362 372
0 0 355 555 0 361
536 0 339 0 342 0
0 0 311 0 295 339
496 0 357 358 335 0
344 0 400 0 334 475
563 352 0 499 330 0
350 393 0 351 364 461
422 340 377 344 362 452
339 357 0 360 555 0
0 254 342 334 387 370
525 0 333 340 0 432
356 0 0 340 501 361
344 405 0 341 500 357
345 391 341 501 513 0
357 0 496 0 357 358
0 327 529 0 0 0
534 341 360 342 0 0
354 473 382 341 343 474
362 536 332 0 0 0
0 434 444 0 340 337
0 353 454 467 338 382
331 0 517 337 341 0
311 0 295 339 0 483
0 504 365 339 366 0
362 369 543 337 355 0
330 408 517 377 337 437
352 376 567 0 0 0