6
0 0 0 0 0 0
0 0 0 346 0 0
352 350 350 354 351 0
0 350 349 350 353 350
0 0 0 0 0 347
0 0 0 351 351 349
0 0 0 345 346 0
0 346 0 0 0 0
347 0 0 0 0 0
0 0 0 0 346 0
351 0 347 0 0 347
0 347 0 0 345 0
0 0 346 0 346 0
0 0 350 350 353 353
347 0 0 0 349 351
352 350 349 348 348 349
349 354 349 351 0 0
0 0 346 0 0 0
0 347 349 0 351 352
0 0 0 0 349 351
347 0 0 345 0 0
0 0 0 347 0 346
0 345 345 0 0 0
352 351 0 0 0 0
0 348 0 0 352 352
349 349 351 0 0 0
0 0 345 0 0 349
353 353 353 0 0 348
349 0 0 0 347 0
351 0 0 473 0 0
347 0 346 0 0 0
346 0 0 352 354 353
347 0 0 0 0 347
0 346 0 0 0 346
347 0 351 353 354 353
0 346 0 346 0 0
352 351 0 0 0 347
0 0 349 0 348 350
351 352 351 387 350 351
354 353 353 0 346 0
0 0 345 346 0 0
358 350 348 0 497 345
351 0 0 350 351 0
0 348 0 351 353 355
354 351 0 346 0 0
353 354 353 352 0 346
349 0 507 353 0 0
350 352 0 0 346 0
351 0 347 349 0 0
429 353 354 354 350 352
353 353 0 0 348 352
353 352 351 356 427 0
0 0 0 0 351 451
352 355 348 0 346 351
456 351 0 0 0 0
0 344 352 356 352 0
0 349 0 349 350 0
0 0 0 0 475 354
0 0 349 349 348 0
352 355 0 348 0 347
0 0 467 354 355 355
0 492 0 0 521 0
0 346 349 0 0 348
0 0 0 478 355 355
0 347 0 0 468 0
0 352 348 350 0 0
0 0 485 0 0 0
498 0 347 0 0 0
0 0 351 352 0 347
0 0 0 486 0 0
0 353 350 0 348 0
356 432 358 355 376 347
0 487 0 0 0 0
348 0 349 0 350 0
351 351 390 351 352 0
0 0 351 395 352 352
353 351 351 351 352 392
0 352 493 0 0 0
0 0 0 0 0 485
338 346 0 505 365 0
351 349 0 351 353 353
0 0 0 0 487 0
0 0 501 349 0 0
0 0 0 347 0 483
350 0 0 347 0 351
352 393 353 0 0 0
0 470 354 354 354 354
0 0 0 352 491 0
355 0 359 350 347 0
351 351 352 350 383 349
0 0 346 0 487 348
0 350 0 352 0 353
352 352 354 458 0 0
355 468 0 0 0 0
0 524 343 0 0 346
392 350 353 0 0 0
352 355 456 0 0 0
0 0 0 492 0 345
483 0 0 0 0 0
0 0 0 350 351 393
0 498 0 0 355 348
0 0 483 0 0 350
0 349 0 0 0 478
0 348 0 486 0 0
352 351 389 352 350 350
0 495 348 0 0 0
0 0 0 494 347 0
352 394 352 352 351 351
0 491 0 346 0 0
355 359 345 507 0 345
346 0 357 0 355 353
0 352 392 352 353 350
552 349 378 352 0 0
354 394 350 355 349 0
345 0 0 0 481 350
365 495 343 0 0 334
0 0 495 0 345 0
357 352 0 346 348 0
356 348 0 479 0 0
0 0 348 0 353 469
0 346 360 346 0 350
347 0 482 0 0 0
488 0 342 0 358 0
0 475 0 0 0 351
353 354 354 353 522 0
366 0 347 483 344 368
352 354 353 351 354 482
351 355 0 0 487 0
481 0 0 359 350 354
351 341 565 355 0 338
349 361 402 356 357 396
0 0 352 493 0 0
355 0 348 346 0 359
352 350 0 0 0 484
356 351 350 348 463 351
0 0 346 340 0 482
0 340 0 0 360 484
335 354 359 453 336 536
350 0 0 0 0 496
0 0 349 0 491 0
0 353 349 392 356 351
539 338 0 0 343 398
0 346 340 0 473 0
0 489 0 354 348 354
347 0 0 340 0 536
352 0 0 351 339 413
0 0 381 0 0 504
370 342 0 0 521 343
487 0 0 347 0 0
0 483 0 0 346 0
352 347 352 458 350 350
514 348 363 0 341 0
474 0 0 0 359 354
337 0 473 0 349 0
388 354 352 351 0 0
0 349 352 351 356 387
0 0 0 351 401 352
0 527 484 0 0 413
487 0 0 0 0 347
386 352 402 375 0 351
349 0 0 0 479 0
349 355 389 355 0 0
344 348 370 0 347 506
0 376 477 0 377 339
348 356 353 353 0 488
486 0 0 523 0 0
350 354 451 352 353 349
346 498 0 348 0 0
345 0 344 382 493 378
496 343 0 0 343 0
346 0 501 348 357 350
348 493 353 351 348 361
358 354 360 0 0 497
336 521 343 0 379 0
0 482 355 340 355 0
342 0 407 0 0 522
481 0 353 348 356 353
0 0 522 354 367 0
356 352 351 397 391 359
355 482 0 0 0 355
351 359 355 0 512 0
339 0 372 0 348 506
325 359 507 480 364 409
0 360 0 356 492 337
0 344 370 464 365 358
513 342 0 0 0 337
447 0 0 0 554 0
503 0 0 365 0 344
0 0 497 0 355 348
340 0 347 493 0 396
0 0 348 351 407 360
524 355 355 353 358 351
339 357 0 360 555 0
399 349 354 350 351 0
340 0 0 346 514 350
451 0 338 0 0 367
0 346 0 330 408 517
337 0 0 476 0 342
484 0 0 0 349 0
0 0 347 499 339 0
371 362 385 356 379 352
512 0 0 559 0 373
359 507 480 364 409 368
0 350 517 348 365 364
0 340 0 508 350 351
0 340 523 0 353 0
519 0 347 0 0 338
364 367 496 343 0 0
535 367 353 374 356 0
356 0 487 336 0 335
338 346 532 0 341 352
373 360 349 0 436 0
358 352 344 417 349 0
353 350 376 393 358 0
0 361 339 0 0 508
0 0 351 351 349 399
341 0 353 0 499 0
347 346 490 0 348 0
348 478 334 536 0 0
0 0 0 556 0 523
0 359 522 342 0 0
338 0 0 328 521 0
531 328 539 0 0 0
0 362 0 500 339 0
0 340 336 562 365 436
0 351 351 350 402 351
344 0 492 0 0 345
0 502 0 332 349 0
364 0 0 524 349 371
0 563 352 0 499 330
0 0 563 352 0 499
340 348 439 359 424 357
428 425 350 355 349 350
0 341 0 501 0 359
527 484 0 0 413 0
445 335 569 0 349 0
342 520 0 381 335 0
342 337 0 0 370 539
508 347 339 495 0 0
341 0 0 0 345 500
0 0 344 542 0 358
507 0 421 318 0 336
343 539 359 332 497 0
348 416 351 353 0 0
0 0 343 342 499 0
525 0 333 340 0 432
563 352 0 499 330 0
556 0 523 0 0 0
450 345 339 0 398 429
0 328 337 0 481 350
0 376 352 349 346 523
352 375 0 343 489 361
353 0 0 469 459 0
0 549 358 388 0 339
0 0 388 528 341 349
0 342 0 350 0 522
322 0 313 352 0 496
0 332 513 339 0 413
381 336 343 0 527 484
0 541 357 353 0 0
0 387 439 360 351 369
0 519 0 333 0 340
0 355 339 525 0 356
0 350 490 344 339 0
499 341 337 0 0 386
369 348 462 0 0 333
345 0 362 536 332 0
362 343 539 359 332 497
0 556 0 523 0 0
352 358 531 328 539 0
565 355 0 338 0 0
336 562 365 436 356 0
347 385 413 555 343 0
357 373 345 384 397 550
0 0 0 373 532 359
507 480 364 409 368 360
357 0 360 555 0 0
0 373 0 0 548 353
529 0 0 379 329 0