6
0 0 0 0 0 0
0 357 0 0 0 343
0 0 335 0 0 0
0 0 0 367 0 0
371 342 339 362 345 0
340 335 349 343 355 365
0 0 0 0 0 350
0 0 357 344 343 346
0 0 0 0 343 0
342 348 339 0 0 0
0 341 339 367 330 378
0 329 0 0 0 0
335 0 0 0 0 341
344 0 0 0 0 0
472 337 0 333 0 0
0 0 0 0 342 349
0 0 0 0 550 0
0 338 0 345 376 343
372 0 367 0 0 363
0 0 0 337 374 352
0 0 360 335 0 0
343 357 339 357 0 0
345 364 0 0 0 0
557 0 0 0 0 0
0 317 325 0 0 0
0 0 358 0 332 0
0 0 0 343 0 376
0 340 345 0 335 0
0 336 0 0 332 0
341 0 0 484 0 0
364 0 344 0 0 0
0 0 348 0 0 338
0 0 0 374 348 0
0 373 0 334 340 0
348 337 0 0 343 0
0 0 367 0 346 335
327 0 0 332 0 342
0 0 0 0 0 559
342 385 345 0 336 334
0 329 337 0 337 348
338 345 0 0 0 336
327 0 0 0 342 345
341 0 387 0 356 0
0 339 0 338 0 0
361 0 0 0 359 0
0 535 0 0 0 0
362 369 543 337 355 0
0 342 341 344 0 0
353 0 335 369 363 350
508 358 350 337 358 342
335 354 334 401 0 335
364 0 360 345 375 0
573 0 365 0 0 0
497 0 0 341 0 0
0 0 0 487 339 329
343 359 349 0 0 337
413 428 336 372 356 369
0 0 566 0 0 0
341 340 393 0 357 0
0 338 376 341 0 349
340 346 0 428 0 0
328 362 0 329 346 341
0 371 337 0 0 359
0 353 0 0 329 364
521 0 0 0 331 337
336 337 0 0 336 331
321 0 539 0 0 0
349 383 534 341 360 342
339 340 0 337 342 0
337 340 0 368 0 343
344 381 353 0 531 0
0 0 358 368 0 374
335 0 487 345 374 337
0 0 0 360 573 345
363 0 339 371 0 0
395 383 396 344 384 343
350 0 0 346 328 0
0 0 550 0 0 369
0 333 0 337 0 341
0 0 340 381 336 0
0 0 325 0 508 0
0 433 377 342 343 340
356 0 0 340 337 344
0 339 0 0 0 530
342 354 561 0 0 0
0 0 0 0 527 368
337 366 352 376 567 0
350 342 348 337 0 511
544 0 320 335 344 380
0 0 0 336 551 0
511 384 363 332 350 0
0 548 332 0 0 0
327 346 402 346 404 458
549 358 388 0 339 0
362 348 338 433 403 340
0 0 536 362 0 0
0 0 355 555 0 361
0 355 555 0 361 0
554 0 0 541 0 350
346 344 345 0 518 341
348 0 334 342 0 338
337 0 0 0 361 516
330 408 517 377 337 437
337 0 344 0 359 343
0 529 0 0 352 327
0 0 563 352 0 499
0 339 507 0 421 318
0 461 481 0 0 0
0 0 528 359 339 392
0 347 537 346 339 343
0 0 0 583 0 0
0 374 0 539 0 0
0 344 341 479 390 334
0 0 0 513 0 327
509 519 0 0 0 0
0 549 343 382 337 357
0 551 0 0 0 357
0 0 335 551 0 0
327 0 0 0 0 545
350 330 390 453 339 386
352 359 370 530 0 0
0 0 347 537 346 339
408 517 377 337 437 339
339 357 0 360 555 0
390 350 337 369 339 541
0 0 365 0 0 559
0 0 333 424 404 395
337 0 0 367 505 0
342 563 0 0 0 358
0 339 343 344 481 347
372 428 367 338 337 459
504 0 0 0 0 372
339 345 342 366 529 347
0 543 0 0 339 0
0 350 0 517 333 0
447 339 383 347 342 439
0 0 344 0 544 339
0 337 357 349 383 534
0 459 345 341 344 0
563 0 339 0 340 0
553 347 0 0 0 0
361 531 338 0 0 0
341 565 355 0 338 0
390 400 338 335 474 368
368 445 335 569 0 349
0 449 0 364 347 384
0 433 0 0 535 0
0 335 0 487 345 374
403 343 458 394 0 356
0 0 0 465 409 451
342 436 389 433 365 0
370 0 0 0 517 333
507 480 364 409 368 360
0 0 0 0 366 542
341 479 390 334 331 353
0 0 0 427 0 511
0 573 0 365 0 0
430 433 375 0 0 0
346 350 0 0 536 0
0 372 332 517 0 371
337 0 0 370 539 355
0 0 448 0 342 492
350 393 0 351 364 461
341 384 343 326 438 0
0 353 454 467 338 382
540 0 0 0 325 0
346 334 341 0 552 555
385 405 338 349 0 416
0 0 0 495 502 0
458 347 452 410 348 0
346 0 330 408 517 377
355 560 341 337 356 0
486 335 0 347 356 366
311 0 295 339 0 483
314 395 379 399 342 338
338 0 0 545 351 350
524 0 342 0 0 339
344 554 0 328 0 0
344 359 0 0 0 548
0 339 0 335 0 543
0 448 0 342 492 346
0 0 542 0 365 0
335 343 0 527 484 0
562 365 436 356 0 0
0 0 476 413 400 346
0 541 370 0 0 351
0 341 0 339 507 0
369 543 337 355 0 0
0 0 544 0 320 335
0 362 536 332 0 0
0 338 357 0 0 513
0 356 333 0 529 341
522 343 0 481 0 0
457 0 0 0 570 0
539 0 0 342 367 342
338 0 355 479 0 372
478 336 346 492 0 0
338 344 411 0 0 504
338 522 343 0 481 0
326 0 355 0 513 0
323 377 350 440 342 484
405 0 341 500 357 356
0 330 365 0 509 0
385 413 555 343 0 0
0 340 0 0 507 395
335 341 0 0 541 337
0 0 338 321 0 539
0 548 373 372 0 0
334 0 345 0 362 536
336 0 366 0 0 530
374 414 391 419 0 0
534 341 334 0 0 0
356 0 0 331 0 517
0 332 0 513 0 364
413 344 469 0 0 325
325 359 507 480 364 409
0 340 0 0 331 554
507 0 421 318 0 336
365 344 0 347 530 342
0 0 331 334 506 0
391 395 422 342 391 0
336 350 361 545 365 347
357 0 360 555 0 0
0 0 0 340 336 562
0 343 334 439 408 0
0 536 0 339 0 342
0 339 508 0 0 356
368 579 0 0 0 0
348 0 518 344 0 0
495 502 0 360 0 0
526 0 0 330 0 345
525 0 333 340 0 432
360 573 345 361 356 351
413 555 343 0 0 332
342 0 0 530 0 332
0 0 549 358 388 0
0 0 0 572 355 0
530 342 339 0 0 340
340 352 358 531 372 537
0 338 522 343 0 481
562 335 0 0 0 344
415 372 346 0 0 473
555 343 0 0 332 0
0 0 556 0 0 597
529 0 0 545 0 0
355 479 0 372 362 0
443 0 343 0 432 0
358 395 339 550 358 0
539 338 0 0 343 398
341 0 552 555 0 0
521 0 0 337 353 0
339 0 534 341 334 0
0 346 0 330 408 517
0 0 340 336 562 365
375 441 0 0 0 419
359 507 480 364 409 368
0 549 358 388 0 339
0 375 411 350 430 390
339 365 344 0 347 530
338 346 532 0 341 352
445 335 569 0 349 0
531 372 537 0 0 0
358 0 0 528 344 0
342 337 0 0 370 539
563 352 0 499 330 0
0 434 444 0 340 337
341 0 0 372 332 517
452 342 351 337 0 344
352 358 531 372 537 0
0 340 336 562 365 436
351 341 565 355 0 338
341 0 404 446 337 373
0 347 530 342 339 0
341 0 554 0 0 541
345 0 362 536 332 0
362 343 539 359 332 497
527 484 0 0 413 0
0 563 352 0 499 330
334 342 436 389 433 365
408 340 442 339 0 0
0 331 554 0 0 0
0 0 370 539 355 0
333 0 603 0 0 355
0 0 373 354 340 558
0 0 504 340 0 335
450 345 339 0 398 429
0 0 325 359 507 480