6
0 0 0 0 0 0
705 703 706 701 700 703
694 0 696 704 706 708
0 698 705 706 705 703
706 704 701 0 692 0
0 0 698 703 706 705
0 0 0 695 0 0
704 702 697 0 0 694
706 700 706 701 700 0
0 0 0 0 706 0
706 705 704 700 0 0
698 697 0 697 700 704
701 696 0 0 696 0
699 699 0 694 0 0
698 0 0 697 703 703
695 0 0 694 0 0
0 698 0 692 0 701
696 0 0 0 0 695
708 702 704 700 0 693
0 0 0 700 704 705
697 0 0 0 0 0
0 0 0 0 701 702
698 0 692 0 0 699
696 0 693 0 0 0
989 687 707 0 711 0
0 692 0 0 0 0
698 696 0 694 696 0
0 0 692 692 699 0
704 703 699 0 0 0
704 700 699 0 694 697
694 0 0 697 0 695
702 699 0 0 0 696
0 692 0 698 705 706
0 0 0 695 0 699
697 0 693 0 693 0
0 694 693 0 702 699
0 0 0 0 0 697
0 693 696 0 0 696
699 698 0 0 0 0
0 692 0 0 0 703
0 0 691 692 0 698
0 0 698 0 0 696
0 699 0 0 697 702
700 696 0 0 695 700
0 0 696 0 691 0
0 697 693 694 0 697
0 921 700 703 706 705
0 0 0 692 695 0
0 0 692 0 0 0
701 697 0 693 0 698
695 0 0 0 695 701
0 691 0 0 698 0
973 0 688 0 0 0
0 693 699 0 0 0
0 0 694 695 0 0
702 0 0 693 693 0
700 0 696 694 0 698
0 694 692 699 0 0
0 696 0 693 0 0
0 0 695 0 698 702
696 0 693 693 693 0
0 942 691 0 0 699
698 0 695 690 0 0
695 0 691 0 702 702
0 692 0 698 692 0
701 0 934 681 703 0
704 706 704 0 0 979
705 705 706 705 704 785
0 0 0 0 691 959
705 704 706 703 757 703
0 694 693 0 696 0
0 0 944 704 705 702
0 692 689 693 707 0
0 941 0 700 707 708
972 0 0 698 0 702
0 0 0 0 0 978
690 0 947 0 704 708
707 697 696 0 966 703
699 701 0 936 693 705
0 0 985 0 709 713
0 684 969 0 714 710
709 898 0 708 686 0
703 0 0 0 692 0
694 818 701 693 0 690
702 767 708 705 704 703
701 702 934 0 0 703
702 707 703 700 0 945
805 703 706 706 706 705
0 0 1027 737 0 1078
699 701 806 701 703 703
967 700 0 707 702 711
693 0 0 0 966 0
0 685 0 717 973 704
0 694 955 701 691 0
706 704 700 853 703 0
717 698 0 0 990 1069
989 0 707 728 0 0
0 0 0 976 705 0
1064 695 668 694 699 989
704 0 698 0 690 1004
727 698 0 688 0 989
991 0 706 707 710 705
0 715 0 962 0 699
0 683 708 0 0 978
700 0 1047 714 718 704
704 705 700 705 933 0
705 768 708 703 693 0
707 704 703 0 948 0
0 973 706 0 704 695
690 0 0 0 0 958
696 706 0 987 0 0
691 960 0 703 703 700
970 0 0 0 698 704
704 701 706 759 702 703
690 1007 704 705 710 700
702 0 0 967 703 708
0 970 683 692 0 754
699 0 698 0 983 0
710 967 0 0 705 0
705 708 699 703 950 698
697 709 0 0 998 693
850 950 675 739 0 700
699 956 0 706 0 693
701 0 0 958 0 0
697 706 887 702 695 0
0 0 969 692 0 698
695 0 693 691 913 704
0 0 698 967 0 710
1017 0 704 0 0 705
0 962 0 0 695 0
0 967 0 0 0 702
697 0 724 943 0 0
701 941 0 0 705 701
956 0 0 0 0 697
0 999 0 1017 672 692
0 0 998 703 0 0
0 0 0 693 978 0
962 0 690 0 694 692
0 0 1017 0 718 0
696 0 844 698 703 711
0 0 690 0 946 0
0 701 692 0 741 1005
0 0 698 893 707 705
702 716 0 0 699 973
703 0 0 995 0 690
697 702 921 0 705 697
0 0 701 989 0 0
714 0 0 978 694 0
855 0 892 0 702 701
703 0 0 699 958 699
904 692 0 704 683 0
934 688 689 0 0 714
696 0 0 0 939 699
0 694 0 0 944 705
704 958 0 0 0 0
701 702 0 698 974 694
0 1026 0 707 0 0
0 0 0 996 0 712
0 971 0 0 0 0
753 0 675 926 683 0
709 706 709 698 705 1010
700 701 709 940 0 694
0 691 692 905 701 700
983 696 0 0 709 696
680 0 681 0 922 945
704 0 0 701 970 0
960 698 0 0 0 0
0 0 673 970 733 0
689 0 979 0 0 696
0 1044 0 683 712 0
972 0 0 695 0 0
989 730 0 0 0 707
0 747 1024 0 0 710
0 0 0 985 0 0
698 700 939 0 0 0
0 0 693 711 0 962
0 1012 921 732 731 692
717 984 0 688 0 0
0 701 0 925 701 702
0 684 0 0 696 997
0 709 0 703 0 1004
0 686 0 701 991 0
698 889 0 679 0 1012
1107 1099 0 0 701 717
708 0 704 701 891 0
0 0 0 700 690 918
709 697 700 960 0 0
973 0 701 0 707 0
0 780 0 675 1056 696
691 882 702 0 703 694
0 697 929 699 705 707
0 0 980 0 0 0
683 1032 0 674 752 1092
699 690 0 994 705 0
841 0 683 714 706 707
980 0 0 0 0 0
1002 0 700 689 689 0
0 698 1048 672 0 0
0 703 689 0 988 700
705 704 0 0 956 0
695 977 0 0 0 697
824 710 699 703 691 0
702 698 937 710 0 698
950 699 0 697 0 694
0 989 708 0 0 0
0 974 0 0 708 716
952 685 700 0 714 707
970 0 0 707 710 709
687 0 695 982 0 707
0 701 700 709 698 773
705 707 1008 0 686 0
863 0 875 715 689 698
700 694 0 0 0 992
0 963 690 0 691 0
715 976 689 0 0 704
691 0 0 689 851 900
703 704 953 706 0 0
0 0 703 0 950 700
0 872 0 694 711 0
692 928 703 0 0 0
701 0 0 684 678 947
701 0 954 0 728 0
1017 702 706 705 706 709
704 705 709 0 693 936
0 697 0 956 0 0
0 997 685 713 0 0
1084 703 0 0 1061 0
699 0 0 707 0 940
706 699 0 1032 912 722
712 706 0 957 0 696
0 0 980 681 708 0
0 0 696 684 943 697
703 0 695 0 0 962
0 0 0 743 1029 1027
0 700 955 0 688 0
693 1010 708 702 704 0
807 833 688 755 705 703
958 693 709 0 0 0
717 903 698 694 0 0
743 1029 1027 668 0 753
968 0 690 872 0 688
0 0 700 675 1094 1080
733 0 691 0 997 701
0 690 701 994 695 0
719 695 0 714 996 0
0 698 705 702 797 700
0 1027 696 728 697 0
692 698 0 838 0 871
0 0 700 0 684 956
0 690 719 677 0 949
962 697 712 701 0 0
706 698 707 943 706 695
696 0 704 984 704 707
946 701 679 676 0 1112
0 999 684 688 1084 0
689 0 0 0 693 960
0 0 0 949 703 708
694 0 996 699 0 692
695 741 681 1089 708 937
692 0 996 695 0 0
695 1010 976 0 0 0
703 680 688 0 874 1137
0 0 690 0 0 959
0 0 0 689 0 972
689 1010 0 671 779 0
0 715 0 0 976 0
0 699 0 987 710 0
712 0 958 0 0 0
0 693 981 0 0 0
678 0 0 1091 1060 676
687 0 996 0 700 1057
973 0 700 693 0 713
667 1146 700 729 0 981
0 1005 1092 0 726 0
975 1068 1100 686 710 0
953 701 0 688 0 0
718 0 692 685 0 996
1013 701 706 704 0 701
0 0 940 0 0 702
665 818 1023 0 0 967
981 942 728 729 689 696
983 971 686 0 725 0
1027 737 0 1078 765 688
0 0 0 688 964 710
686 0 689 710 680 949
0 689 709 0 983 0
0 700 947 887 686 826
0 1027 737 0 1078 765
0 689 714 942 0 707
696 709 703 705 982 957
0 676 977 681 0 682
0 997 0 717 0 700
0 950 991 700 704 0
681 657 791 975 1068 1100
698 705 0 697 689 905
0 0 699 699 701 821
1043 0 0 1004 0 713
0 0 0 0 1002 694
688 943 713 0 692 0
0 0 1009 0 0 1070
684 0 0 1004 1071 0
710 711 691 1003 916 0
666 664 1003 1058 0 0
0 1086 711 698 707 712
0 715 672 948 0 0
705 692 1032 703 691 709
839 1050 0 0 894 677
715 689 722 1056 698 0
0 678 923 855 0 0
1057 751 0 659 658 1115
756 693 1059 689 913 687
0 1061 0 696 1090 0
1005 0 0 0 682 0
0 0 1115 643 688 1062
1094 0 1044 681 656 696
804 1094 717 0 904 670
0 0 724 684 952 0
791 975 1068 1100 686 710
0 804 1094 717 0 904
697 878 705 693 746 728
0 732 681 770 0 1043
1146 700 729 0 981 722
1094 1080 0 633 681 0
687 0 775 669 1137 0
1082 0 0 721 709 1034
0 0 0 1094 0 1044
0 700 675 1094 1080 0
0 675 1064 0 728 1086
671 1127 733 0 0 977
700 675 1094 1080 0 633
1115 643 688 1062 0 671
1074 708 0 671 0 1089
0 848 671 1171 0 685
0 0 1107 1099 0 0
694 757 696 684 0 1106
845 697 876 718 751 783
675 1094 1080 0 633 681
687 1061 671 0 704 762
1064 0 728 1086 731 731
1079 659 984 658 1061 0
659 984 658 1061 0 689
989 679 0 0 684 0
865 670 698 0 1048 0
0 682 0 0 0 938
0 0 743 1029 1027 668
684 0 794 1124 686 0
0 692 0 687 669 947
785 1041 674 0 0 1144
0 679 0 1079 687 790
657 791 975 1068 1100 686
684 1079 659 984 658 1061
731 680 0 848 671 1171
1053 693 739 658 708 0
1000 0 726 0 1043 745
0 787 718 999 652 865
683 0 1061 1126 0 677
1032 0 674 752 1092 0
1068 1100 686 710 0 721
1119 0 0 692 692 0
675 1064 0 728 1086 731
984 658 1061 0 689 715
677 921 887 691 912 701
0 0 1091 1060 676 745
0 626 736 674 1076 0
0 743 1029 1027 668 0
1061 1126 0 677 0 668
0 0 0 0 1146 0