6
0 0 0 0 0 0
653 0 681 0 701 691
682 0 0 680 0 694
0 667 0 0 670 665
0 0 724 0 0 0
684 730 738 673 672 690
671 650 0 752 0 0
0 732 693 648 0 712
0 702 676 0 714 682
725 690 682 0 0 660
676 703 0 734 0 679
0 0 0 741 710 661
0 0 718 0 0 666
0 678 0 731 0 0
680 0 0 775 0 0
755 692 741 682 0 0
782 683 686 963 747 700
668 732 686 0 662 685
658 0 0 739 761 714
0 714 0 737 696 711
0 0 693 721 710 765
687 709 720 692 746 0
0 0 0 0 713 673
680 665 0 675 686 737
0 663 707 0 0 683
717 711 686 663 0 731
683 690 714 740 757 914
670 0 0 0 687 727
0 673 694 718 688 688
708 0 665 687 753 707
709 0 0 704 728 0
742 684 0 706 1021 0
706 1021 0 0 681 0
799 875 0 0 681 658
0 658 0 652 0 695
715 682 1055 676 0 682
697 0 679 0 0 0
664 666 687 0 660 0
687 0 0 0 740 0
846 0 682 0 0 693
0 743 0 0 0 0
715 0 701 703 0 0
669 0 0 0 0 670
684 718 702 0 0 0
659 680 0 681 665 0
0 671 658 956 745 0
0 0 0 0 0 734
692 639 0 0 586 717
0 0 0 704 0 747
0 0 0 721 0 0
724 664 0 0 0 0
0 676 0 0 676 0
660 957 711 687 0 668
0 0 950 0 674 712
668 0 688 661 0 721
669 0 710 0 873 0
0 0 664 704 0 672
691 703 0 0 0 674
698 706 699 733 1048 690
0 697 0 0 0 696
0 0 0 0 745 0
721 0 0 0 0 0
0 0 664 0 712 0
0 675 1027 0 749 689
0 0 679 715 0 0
0 646 683 682 0 0
0 1030 0 668 0 678
977 683 728 705 757 695
671 683 0 0 739 0
0 0 681 679 1021 713
0 701 0 688 664 0
0 0 673 683 679 0
0 705 0 721 1066 0
700 0 1063 720 650 0
0 664 692 0 0 1124
0 0 0 707 1079 0
689 671 649 0 1011 707
0 0 0 696 670 0
748 0 717 728 663 0
0 664 735 0 673 0
0 704 668 0 0 0
769 656 690 0 1061 0
699 672 699 681 1065 0
747 992 0 731 669 668
697 794 838 0 0 855
666 1084 734 731 658 0
687 690 990 0 741 656
0 691 965 733 0 681
0 0 1109 0 659 0
0 1109 668 0 0 0
0 1044 684 0 694 0
691 710 786 1049 648 0
684 0 0 1122 677 0
733 684 0 1064 0 676
0 1000 664 685 704 0
0 677 921 887 691 912
728 0 1085 683 0 0
710 0 626 736 674 1076
0 0 0 1094 0 1044
0 0 733 0 905 912
1041 0 0 0 731 688
914 0 771 772 772 694
972 883 687 694 0 0
0 0 0 655 684 1048
690 767 0 1079 670 681
0 0 645 738 1007 0
0 658 719 697 661 0
726 0 1043 745 700 735
726 1070 888 0 0 0
0 0 1033 699 722 733
710 676 0 0 648 1112
0 870 0 953 0 0
680 700 724 834 0 922
0 1085 683 0 0 682
654 0 673 666 1084 734
682 686 668 1023 0 0
673 0 966 0 699 0
648 1112 0 0 0 0
655 694 0 0 987 672
675 0 718 1067 690 743
747 851 698 721 697 823
867 0 0 646 672 752
695 668 679 0 0 1048
730 0 673 0 1029 756
1052 0 0 664 0 712
0 884 725 688 1105 0
678 686 880 856 698 779
0 0 1039 678 0 686
0 1016 746 761 688 706
0 1074 0 703 712 752
696 670 1084 0 0 734
1075 717 686 0 675 0
709 721 894 682 714 1027
0 1068 0 0 726 717
657 0 728 0 0 903
681 0 1088 0 0 0
1051 0 795 0 0 0
0 679 0 715 713 1047
747 733 743 794 826 764
735 693 0 683 0 1019
843 692 0 881 690 0
748 704 1036 688 666 0
685 672 848 950 0 645
689 903 1107 705 0 0
0 1015 800 0 727 685
672 1052 0 750 0 0
0 678 675 1146 724 756
717 805 675 0 718 1067
0 657 0 0 1043 715
690 726 926 0 801 0
946 701 679 676 0 1112
691 0 0 706 669 1122
0 713 0 1040 0 660
1032 0 655 688 666 709
0 732 682 0 651 1129
873 0 871 0 682 794
0 1048 0 665 727 0
731 0 0 1095 676 704
994 0 0 660 0 0
680 674 1165 0 0 0
964 649 692 0 699 691
754 0 0 681 1101 0
0 0 700 675 1094 1080
727 684 1079 659 984 658
720 956 0 0 725 1026
0 1043 715 681 0 916
719 0 0 0 964 801
717 0 649 662 0 1034
0 0 0 0 672 1052
0 0 689 1081 684 0
0 783 688 709 946 705
675 727 684 1079 659 984
975 0 898 650 702 0
0 733 1103 711 742 673
0 716 0 664 0 1030
0 1057 0 0 695 0
705 676 1086 712 706 770
0 0 648 1112 0 0
0 1088 661 721 0 0
725 0 707 0 690 999
682 1053 710 695 682 706
0 948 677 0 1084 783
0 0 863 0 0 966
0 695 690 767 0 1079
0 1073 0 0 0 728
659 0 0 727 1178 704
0 875 0 954 806 669
1046 665 0 0 726 0
817 0 652 0 672 0
1075 669 0 769 752 679
759 1020 682 704 900 0
0 0 1119 0 0 692
700 760 0 697 976 684
784 0 676 919 0 689
679 703 666 664 1003 1058
678 0 0 780 0 1019
1072 747 678 661 0 708
1119 0 0 692 692 0
679 0 1052 0 0 664
0 0 680 0 1026 681
674 1165 0 0 0 689
704 0 0 1005 1013 680
948 677 0 1084 783 697
733 696 0 0 0 1068
0 0 0 1101 670 720
1101 682 912 686 0 0
0 0 0 959 908 795
1093 710 698 678 689 0
1108 0 791 0 0 640
0 0 1134 714 0 0
697 0 0 695 957 984
1039 657 0 673 0 649
0 0 0 733 1103 711
1022 0 676 0 672 665
975 1068 1100 686 710 0
0 734 1084 735 676 0
662 1075 669 0 769 752
0 722 0 1170 655 0
875 693 711 836 679 0
0 1091 1060 676 745 695
659 728 0 1085 683 0
0 0 733 1103 711 742
1010 712 0 681 0 0
0 0 1115 643 688 1062
655 1038 711 0 651 0
0 0 677 921 887 691
1165 0 0 0 689 0
668 715 0 920 0 939
0 656 748 689 747 931
0 0 724 1052 0 780
0 900 1042 0 0 689
0 686 699 0 1032 0
702 1026 742 0 0 666
1021 703 0 0 731 676
686 880 856 698 779 711
889 830 0 669 735 778
710 672 842 0 670 912
1128 0 0 0 0 0
0 0 1144 0 0 0
0 1064 0 676 0 0
1080 0 633 681 0 0
0 0 0 1072 0 652
0 650 671 999 0 690
984 658 1061 0 689 715
0 672 1052 0 750 0
665 722 0 665 677 1073
682 0 1057 751 0 659
678 1041 673 695 0 0
977 0 704 714 0 847
1070 888 0 0 0 682
730 0 0 1074 0 703
693 0 1101 682 912 686
675 637 1101 0 679 0
841 893 684 0 0 741
0 724 1075 0 0 0
0 0 0 1042 731 0
663 0 853 674 660 617
0 0 683 0 690 1101
729 0 0 0 0 1055
769 685 0 1026 0 0
1106 750 704 0 0 680
0 657 0 674 1076 657
663 672 742 657 0 1123
973 0 889 722 0 0
931 980 671 775 685 688
633 0 672 1016 0 0
694 828 663 0 904 0
994 702 639 669 725 984
699 0 1032 0 671 687
976 0 678 0 958 0
0 769 640 1059 0 0
698 973 0 889 722 0
667 1146 700 729 0 981
666 664 1003 1058 0 0
683 1032 0 674 752 1092
1094 1080 0 633 681 0
674 0 0 0 747 1106
1146 724 756 687 685 789
0 0 0 0 1146 0
1128 0 0 0 0 725
0 667 0 1090 689 678
675 1094 1080 0 633 681
0 0 984 650 850 0
824 753 0 0 936 0
0 0 1005 1013 680 676
0 642 1083 677 0 0
676 678 0 0 1091 1060
0 1009 0 0 1070 0
1004 737 0 659 710 0
678 0 702 676 956 0
1121 690 0 0 0 0
0 0 705 763 662 1075
0 0 0 0 1125 704
0 0 738 668 0 998
905 895 0 688 0 688
663 683 0 1061 1126 0
1146 700 729 0 981 722
1084 670 707 0 0 0
1107 1099 0 0 701 717
724 681 0 906 675 871
0 688 652 662 963 0
1082 0 0 721 709 1034
0 667 0 0 0 1109
0 690 687 0 967 1043
1077 0 0 695 851 683
1121 0 698 0 0 983
791 975 1068 1100 686 710
0 0 1094 0 1044 681
0 0 0 722 0 1170
1094 0 1044 681 656 696
0 1061 0 696 1090 0
0 1153 724 671 834 683
0 663 733 0 1019 681
0 695 957 984 0 0
830 750 836 0 643 0
690 0 1061 0 696 1090
860 1077 0 0 821 686
657 791 975 1068 1100 686
0 644 978 0 0 851
672 1162 0 0 683 645
966 658 698 875 0 695
748 1121 0 660 0 704
0 0 1107 1099 0 0
1057 751 0 659 658 1115
0 759 1020 682 704 900
752 0 0 0 1083 0
687 0 804 1094 717 0
707 0 1015 939 828 699
733 0 905 912 0 0
0 744 0 0 734 1084
804 1094 717 0 904 670
661 871 668 0 888 667
1041 674 0 0 1144 0
705 750 658 889 830 0
700 675 1094 1080 0 633
681 657 791 975 1068 1100
706 707 0 1015 939 828
687 1017 0 659 843 0
684 1079 659 984 658 1061
0 675 1064 0 728 1086
684 702 702 1152 0 721
0 0 0 1128 0 0
0 891 932 665 689 678
1074 708 0 671 0 1089
1003 1058 0 0 0 0
0 0 1107 797 0 1072
1032 0 674 752 1092 0
1079 0 693 695 770 0
850 0 857 682 697 798
0 1144 0 0 0 0
0 1094 0 1044 681 656
967 1043 707 731 0 738
696 785 667 642 727 1093
741 738 753 945 654 830
0 682 848 0 653 870
785 1041 674 0 0 1144
1064 0 728 1086 731 731
0 0 687 0 1090 0
0 1061 1126 0 677 0
722 830 750 836 0 643
671 0 730 880 848 681
0 787 718 999 652 865
671 1127 733 0 0 977
686 0 0 1107 1099 0
1079 659 984 658 1061 0
1061 0 696 1090 0 0
659 984 658 1061 0 689
1020 682 704 900 0 0
685 663 683 0 1061 1126
675 1064 0 728 1086 731
689 693 0 0 835 906
837 677 703 794 680 1051
852 0 0 759 1020 682
0 700 675 1094 1080 0
805 656 668 694 903 657
0 804 1094 717 0 904