6
0 0 0 0 0 0
706 700 704 706 702 705
703 701 697 0 694 696
0 698 705 700 704 707
697 0 695 0 696 0
706 702 698 0 692 0
703 695 0 911 0 716
700 699 0 0 696 0
698 0 691 0 0 699
0 0 0 0 0 697
0 0 695 0 698 0
704 706 705 703 699 0
0 696 0 697 0 0
0 695 696 693 0 699
696 0 694 692 0 697
0 0 699 703 706 706
0 698 0 0 0 0
699 697 0 697 699 704
0 0 0 692 0 698
700 698 0 0 0 0
701 698 0 693 692 0
0 696 692 695 0 0
695 0 0 0 0 698
696 0 0 696 703 703
700 0 0 0 696 0
0 0 0 698 704 704
696 0 0 0 0 0
704 704 699 0 0 0
0 694 693 0 0 0
698 696 0 0 695 700
695 0 0 0 695 702
705 705 704 699 0 0
696 0 693 0 0 0
0 0 696 0 0 0
703 701 0 691 0 694
0 696 0 0 0 696
0 690 689 692 702 0
695 0 0 698 0 0
692 0 700 702 706 707
702 700 0 0 0 695
704 702 699 0 0 694
0 0 693 0 696 703
706 706 699 699 0 693
0 0 0 693 700 0
0 0 0 698 0 0
0 0 0 0 698 703
0 691 0 0 694 0
697 0 695 692 694 0
0 695 690 0 0 696
0 0 698 0 0 694
0 697 0 0 699 700
696 0 0 696 0 694
0 695 0 692 0 701
0 0 0 920 0 693
0 0 694 695 0 0
0 0 0 0 696 0
955 0 0 706 712 707
0 694 0 701 703 706
696 0 694 695 0 0
0 0 691 693 0 702
702 706 705 0 697 937
0 694 694 0 704 698
0 693 0 696 692 0
694 0 690 0 698 703
701 696 0 691 0 0
0 703 692 0 694 0
699 0 0 693 695 0
0 0 692 690 700 0
0 694 0 0 697 957
695 0 965 709 0 697
689 0 975 0 0 697
707 703 707 705 703 815
0 706 959 0 0 702
985 706 707 702 0 705
693 702 0 959 0 0
0 926 700 703 705 705
0 1061 0 696 1090 0
709 936 0 710 693 0
788 707 709 702 692 0
686 975 689 705 0 988
0 686 0 690 989 0
719 706 0 693 0 934
0 0 969 692 0 698
1115 643 688 1062 0 671
1012 0 702 691 689 0
705 704 704 704 762 706
704 706 701 705 927 0
0 956 0 0 697 0
705 758 704 706 703 704
691 0 686 935 705 705
975 0 709 705 709 706
0 983 0 716 0 711
694 949 0 0 703 707
859 701 702 706 707 706
702 706 703 701 0 951
705 703 776 704 703 704
0 1011 700 727 692 0
0 0 957 0 691 707
713 0 963 0 0 0
697 707 907 0 699 694
0 957 0 703 709 710
708 697 698 0 964 702
712 0 885 0 706 713
710 704 702 0 950 0
695 702 697 704 953 966
692 0 692 698 684 911
1023 0 704 0 0 706
698 711 0 0 991 693
703 0 949 682 708 0
965 0 707 0 701 695
962 685 699 0 710 707
702 0 983 662 720 906
697 715 943 0 0 0
0 983 686 0 0 704
705 703 705 786 702 702
0 0 706 0 938 700
0 0 1008 0 716 0
998 687 716 0 696 0
0 689 0 0 0 952
708 707 807 697 0 690
951 697 0 0 703 698
700 713 864 694 701 0
724 1025 0 0 702 0
698 698 0 937 695 706
705 709 0 704 954 700
696 706 964 0 0 702
0 0 679 962 729 0
701 706 707 0 0 958
694 0 682 977 0 712
0 0 701 993 0 0
991 0 0 706 0 706
701 699 0 697 956 0
0 956 678 703 0 731
706 705 703 878 703 0
788 0 687 717 705 712
706 929 0 690 0 0
0 704 955 0 702 0
695 0 699 695 932 704
0 0 743 1029 1027 668
0 0 697 964 0 716
702 945 684 707 0 683
0 691 913 700 707 710
702 706 951 703 0 0
702 0 702 0 697 1012
982 700 0 707 703 716
701 0 0 710 995 0
711 0 0 989 0 695
734 0 696 961 685 0
0 0 1007 683 708 0
0 686 708 0 987 0
691 0 0 837 695 745
704 1001 0 0 0 696
697 697 0 0 0 984
699 971 715 0 0 0
691 964 0 706 699 699
0 0 701 916 703 704
0 973 0 0 698 710
974 0 0 0 695 705
0 982 703 0 703 694
0 698 700 781 704 707
0 0 689 0 0 943
958 0 0 0 0 698
0 694 713 994 0 685
0 687 0 694 899 697
714 0 694 689 0 992
700 0 0 0 930 698
972 0 0 0 0 0
0 0 0 0 951 705
0 0 0 979 704 0
0 689 688 697 715 880
922 0 690 686 0 706
701 713 930 0 692 0
0 0 695 706 693 847
0 692 0 0 949 0
0 0 997 695 0 0
710 699 702 949 0 0
705 0 904 705 697 707
694 908 701 703 697 0
966 0 0 691 0 0
0 0 0 1085 0 779
704 701 707 912 0 692
0 693 972 0 0 0
712 0 0 978 690 0
694 704 0 710 691 1007
699 0 1052 698 727 701
0 699 701 991 695 0
756 693 1059 689 913 687
708 0 689 0 0 972
0 692 0 702 0 996
965 692 0 0 689 0
0 0 0 0 0 974
0 999 0 1017 672 692
0 1017 713 0 0 0
700 0 717 0 992 0
685 936 692 0 715 703
711 0 0 996 705 692
986 714 0 691 0 0
975 0 687 0 0 0
0 682 969 0 714 707
0 0 0 697 692 892
0 0 0 0 998 0
697 704 0 0 949 0
719 925 701 686 0 0
0 958 0 686 708 0
911 694 686 0 0 706
701 690 0 988 714 0
700 964 0 0 0 0
0 698 688 0 731 990
0 0 938 702 707 703
913 717 698 698 0 0
710 709 708 697 702 1031
966 696 705 0 0 0
1036 0 688 831 0 661
0 709 0 962 0 693
0 734 978 699 695 0
0 686 706 0 0 981
979 718 0 0 0 704
706 711 700 706 962 697
691 0 978 715 0 0
705 772 0 1029 0 712
687 0 0 704 0 920
701 686 1029 717 0 710
696 937 703 0 687 0
699 702 0 0 695 946
666 664 1003 1058 0 0
0 695 1008 695 0 0
709 982 687 0 0 700
681 657 791 975 1068 1100
0 0 716 709 0 1001
0 695 722 929 0 0
0 693 0 956 725 0
973 937 721 723 689 696
705 0 0 688 691 933
694 0 0 0 1014 0
0 0 0 933 699 704
675 1094 1080 0 633 681
0 1015 687 720 0 0
0 743 1029 1027 668 0
0 0 978 0 0 716
969 690 0 709 693 0
0 706 700 700 781 705
958 697 0 0 0 0
691 975 699 702 712 703
0 0 0 0 687 977
1084 703 0 0 1061 0
976 0 705 0 703 0
1074 708 0 671 0 1089
711 0 698 0 1088 712
0 1012 0 707 0 0
743 1029 1027 668 0 753
785 1041 674 0 0 1144
887 924 0 0 742 700
709 0 691 0 876 711
690 0 722 993 0 0
0 804 1094 717 0 904
700 675 1094 1080 0 633
0 685 1083 0 697 982
694 0 0 690 945 712
0 0 700 0 681 985
690 0 951 974 718 724
0 1027 737 0 1078 765
0 0 0 690 0 966
0 0 0 988 0 0
0 704 0 956 704 706
0 695 0 0 978 713
1053 707 710 708 702 709
1079 659 984 658 1061 0
699 0 947 0 705 0
845 667 0 1103 796 692
1017 1071 696 720 0 729
717 698 0 0 990 1069
994 0 0 0 686 0
0 0 693 686 971 693
686 0 0 1107 1099 0
0 0 0 684 959 712
0 687 0 706 695 948
939 0 707 698 0 0
956 0 700 0 1042 709
0 0 0 687 991 0
712 694 696 984 707 697
715 691 714 1077 749 0
0 982 978 710 727 683
689 0 0 0 695 986
0 782 707 903 662 852
711 0 1055 0 713 706
0 700 947 887 686 826
0 1061 1126 0 677 0
1051 697 648 696 712 1046
947 695 0 694 0 689
663 683 0 1061 1126 0
0 710 691 0 1021 704
0 999 0 0 0 697
693 0 702 697 928 0
946 701 679 676 0 1112
998 0 716 1055 705 715
699 688 1012 702 701 697
695 741 681 1089 708 937
0 698 0 976 0 0
675 1064 0 728 1086 731
0 980 0 0 0 0
698 0 0 0 0 991
680 0 848 671 1171 0
0 0 990 0 0 0
984 658 1061 0 689 715
975 1068 1100 686 710 0
696 908 884 707 775 700
0 0 1091 1060 676 745
678 0 0 1091 1060 676
703 666 664 1003 1058 0
734 1045 0 693 0 689
0 670 976 677 0 688
0 681 696 705 0 1076
0 724 708 684 1008 693
0 945 980 0 0 742
1082 0 0 721 709 1034
0 1078 713 711 710 703
0 999 684 688 1084 0
0 766 0 680 1061 709
706 707 0 1015 939 828
0 684 688 685 933 0
700 0 0 959 0 0
705 671 688 0 1036 1076
0 695 668 840 0 806
0 0 0 743 1029 1027
687 920 0 686 0 987
0 0 697 0 973 0
0 0 1107 797 0 1072
0 843 672 841 0 982
0 696 682 1024 692 708
1032 0 674 752 1092 0
737 931 690 666 873 820
677 1122 740 823 685 696
683 1032 0 674 752 1092
1057 751 0 659 658 1115
848 671 1171 0 685 0
1029 1027 668 0 753 0
948 1059 0 775 0 0
0 0 707 683 991 0
0 1009 0 0 1070 0
1107 797 0 1072 747 678
791 975 1068 1100 686 710
1029 739 667 695 686 0
0 0 1115 643 688 1062
0 1003 679 0 679 0
683 0 1061 1126 0 677
831 805 656 668 694 903
0 0 700 675 1094 1080
691 1060 0 662 860 0
1107 1099 0 0 701 717
665 818 1023 0 0 967
913 677 701 0 1042 0
1094 0 1044 681 656 696
684 1079 659 984 658 1061
1061 0 696 1090 0 0
912 0 0 682 684 0
818 1023 0 0 967 668
882 867 688 874 692 752
1076 681 908 695 0 0
0 0 1094 0 1044 681
0 700 675 1094 1080 0
671 1127 733 0 0 977
690 0 1061 0 696 1090
657 791 975 1068 1100 686
804 1094 717 0 904 670
0 0 1107 1099 0 0
1146 700 729 0 981 722
674 714 912 902 676 681
659 984 658 1061 0 689
1094 1080 0 633 681 0