6
0 0 0 0 0 0
706 707 704 698 0 0
701 697 0 694 0 695
697 0 693 690 0 0
0 0 696 0 700 702
699 705 700 704 706 703
0 0 697 0 0 694
0 692 695 0 0 0
704 700 697 0 0 695
0 0 697 704 706 707
707 706 707 697 698 0
0 0 0 0 697 0
701 0 0 0 0 698
704 703 699 0 0 0
0 0 694 696 0 0
0 699 704 706 706 705
697 697 0 697 700 703
706 706 699 698 0 693
697 0 0 695 0 697
701 691 0 980 707 0
0 0 0 697 702 706
697 0 0 0 694 0
0 0 693 0 0 0
696 0 0 698 703 702
699 699 0 0 698 0
0 695 0 0 697 702
701 699 0 0 0 694
699 0 0 701 0 0
695 0 690 0 702 703
979 696 0 0 707 696
0 0 0 0 700 701
692 0 0 0 698 923
698 0 694 0 693 0
0 694 0 695 0 0
0 0 699 0 695 0
704 701 699 0 693 696
699 696 0 0 696 700
694 0 0 0 698 697
962 701 700 705 0 706
0 688 692 692 705 0
701 699 0 694 691 0
694 0 699 703 706 705
699 698 0 0 0 0
706 702 698 0 692 0
0 0 0 0 0 698
743 0 692 714 978 0
700 699 0 693 0 0
0 0 0 697 0 0
702 0 0 0 0 0
0 695 0 0 0 702
0 0 693 693 0 699
0 695 0 0 0 0
702 0 693 0 0 0
705 729 0 703 0 952
0 696 692 692 0 699
0 693 0 699 704 705
0 694 694 0 700 700
0 0 0 695 0 697
0 692 0 0 697 0
697 0 694 694 695 0
0 697 694 0 0 695
698 0 697 695 0 698
0 695 0 690 0 701
0 0 693 691 696 0
0 695 691 0 694 0
0 695 0 696 692 0
0 0 0 693 693 0
0 927 702 706 705 704
759 707 705 706 708 704
691 0 0 0 1005 0
697 0 710 945 0 0
936 706 0 703 704 714
704 0 0 980 0 690
696 0 691 0 0 699
0 0 0 927 701 704
703 692 0 697 934 0
0 0 917 701 706 706
712 700 698 923 0 0
0 720 1054 697 704 0
701 708 935 0 693 0
699 0 0 693 695 0
0 695 690 699 0 0
698 0 709 0 977 0
704 706 703 704 816 703
0 942 0 700 709 710
699 696 0 0 0 965
938 0 702 707 707 705
702 892 701 702 690 0
973 717 0 0 0 696
0 945 730 690 701 0
688 0 983 699 0 0
701 704 753 703 706 703
700 699 0 947 695 707
0 690 709 0 991 0
698 0 0 968 702 706
697 0 0 693 688 905
708 0 940 0 700 705
703 680 688 0 874 1137
974 701 706 703 702 707
690 921 701 0 706 697
699 794 703 704 704 704
687 0 964 0 0 692
0 0 0 0 690 957
709 692 701 890 701 693
698 0 686 934 705 705
705 705 704 705 704 788
688 917 686 692 0 690
696 708 698 1063 706 704
0 0 953 0 0 717
703 713 702 0 694 932
0 953 0 0 703 710
0 714 0 947 0 696
704 704 706 763 703 704
714 0 0 982 692 0
0 686 0 700 985 0
0 696 0 0 956 704
700 984 0 0 0 690
689 698 0 696 694 933
703 694 937 0 0 701
0 976 704 0 701 694
687 0 996 0 700 1057
991 678 706 0 704 0
0 699 689 0 974 723
961 0 0 0 699 705
0 706 952 0 701 0
703 707 701 703 931 0
996 704 706 715 684 0
710 699 812 708 0 692
705 704 703 701 0 936
976 0 700 0 0 695
694 943 723 0 0 0
0 674 952 685 0 686
969 0 709 0 701 695
700 693 0 714 981 695
0 703 0 929 699 708
711 0 918 702 703 709
0 991 0 710 0 697
0 0 675 967 705 0
0 694 920 700 705 710
0 683 975 0 714 702
710 702 701 948 700 0
0 969 0 0 696 0
0 0 0 688 928 707
701 0 0 710 1004 0
0 0 703 0 970 694
953 702 711 699 0 0
975 1068 1100 686 710 0
956 0 695 707 0 704
678 0 0 1091 1060 676
701 703 704 916 0 692
691 927 704 0 690 0
695 693 943 702 694 702
926 695 0 692 0 701
701 0 696 0 707 1016
704 706 710 0 0 974
662 692 0 919 1129 0
0 705 0 702 965 694
0 0 0 692 976 0
701 944 0 705 705 0
0 695 994 0 0 0
703 969 0 0 0 0
1003 0 700 703 690 0
876 832 691 724 701 724
707 701 698 0 910 692
695 704 0 974 0 0
696 703 942 0 0 0
717 984 0 688 0 0
701 964 0 700 0 687
0 0 1091 1060 676 745
0 693 697 702 698 795
0 1094 0 1044 681 656
0 687 704 0 0 970
713 703 701 0 956 0
0 693 696 878 697 699
0 1046 691 832 685 0
703 0 941 683 708 0
713 0 957 0 0 0
1079 659 984 658 1061 0
957 0 707 704 0 0
979 695 0 705 692 0
695 695 905 0 701 696
0 0 689 0 0 944
706 911 705 0 0 699
704 698 921 705 0 0
0 0 0 974 704 0
959 698 709 0 0 0
927 692 691 0 0 707
0 700 0 965 0 0
965 1046 684 719 0 702
698 691 1039 714 0 698
698 0 993 704 0 700
0 0 0 0 995 701
0 708 0 700 0 1012
0 685 930 735 0 0
0 997 683 714 0 0
0 990 686 0 0 706
804 1094 717 0 904 670
708 697 0 0 700 946
963 0 0 0 697 0
700 714 889 707 694 0
756 693 1059 689 913 687
941 0 0 706 708 708
697 0 701 690 985 696
0 993 708 0 0 0
983 0 704 0 704 0
984 658 1061 0 689 715
0 0 698 969 0 713
1064 695 668 694 699 989
709 708 701 761 706 0
919 692 0 0 692 0
684 0 683 989 0 713
709 705 710 699 706 1015
0 0 706 0 685 929
858 696 709 734 726 716
0 0 703 993 0 0
941 698 0 0 0 0
0 955 681 701 0 735
0 0 0 691 0 962
994 0 0 700 0 709
0 1011 0 708 0 0
0 718 993 0 0 703
0 970 0 681 719 0
694 0 0 691 937 711
0 692 0 994 690 0
0 0 964 692 0 700
716 0 692 688 0 997
716 0 709 1028 679 0
0 0 0 1006 0 713
0 0 979 0 0 0
693 947 0 704 705 697
680 1087 0 0 690 699
702 0 697 698 707 814
721 759 672 696 0 1057
723 1012 0 0 697 0
0 962 0 0 0 0
0 0 706 689 695 881
0 1011 1020 673 760 690
699 0 942 0 711 0
707 704 0 960 0 715
692 939 0 0 745 972
710 928 688 681 834 798
0 686 711 942 0 708
700 705 0 0 1004 693
0 693 683 983 698 0
0 0 993 701 0 0
0 0 1004 684 711 0
699 917 0 0 709 694
0 0 0 0 0 973
0 0 981 0 691 708
0 699 702 701 802 702
710 0 694 0 0 965
695 0 0 0 954 705
657 791 975 1068 1100 686
703 666 664 1003 1058 0
0 0 708 705 0 990
0 0 0 0 984 0
0 689 0 0 698 970
0 0 0 699 686 970
0 700 947 887 686 826
756 0 698 0 974 703
684 1079 659 984 658 1061
1115 643 688 1062 0 671
698 0 0 0 0 999
747 0 1077 0 0 938
961 698 0 689 0 0
691 0 0 715 0 942
0 0 0 999 0 0
976 681 697 0 715 709
0 0 704 928 708 702
0 0 690 0 946 0
686 1034 700 705 711 701
0 0 694 685 922 698
707 707 0 0 969 0
667 1146 700 729 0 981
0 975 0 0 0 703
0 975 687 0 692 0
0 0 689 711 958 0
0 698 819 676 0 801
0 0 1044 0 723 0
0 714 683 994 0 0
683 0 1061 1126 0 677
681 657 791 975 1068 1100
1010 0 0 694 0 0
0 712 0 0 961 0
1061 1126 0 677 0 668
707 718 701 705 1025 715
1084 703 0 0 1061 0
683 1032 0 674 752 1092
0 680 698 705 0 1088
0 677 0 689 709 883
708 968 887 718 796 695
969 700 0 678 0 1041
690 0 951 974 718 724
687 0 775 669 1137 0
680 0 708 0 1121 707
1101 757 0 988 708 687
1064 0 728 1086 731 731
707 999 709 691 0 0
1091 1060 676 745 695 704
0 685 1083 0 697 982
952 0 0 0 0 0
0 1095 697 683 728 692
694 695 1036 973 0 0
0 0 0 1094 0 1044
791 975 1068 1100 686 710
1107 1099 0 0 701 717
686 0 0 1107 1099 0
705 693 694 0 1072 733
675 1064 0 728 1086 731
0 999 684 688 1084 0
704 709 774 736 699 786
688 0 0 972 0 0
0 0 1094 0 1044 681
0 711 702 0 685 1039
0 1107 1099 0 0 701
975 0 0 689 701 0
680 0 1064 698 730 692
856 0 1057 0 807 740
671 0 1138 766 678 780
1094 0 1044 681 656 696
848 671 1171 0 685 0
1082 0 0 721 709 1034
0 1061 0 696 1090 0
731 680 0 848 671 1171
1146 700 729 0 981 722
1061 0 696 1090 0 0
784 1053 0 0 894 677
993 0 701 0 0 0
845 667 0 1103 796 692
671 1127 733 0 0 977
1043 0 0 1004 0 713
0 672 695 835 733 1032
1121 0 698 0 0 983
759 1020 682 704 900 0
0 804 1094 717 0 904
0 848 671 1171 0 685
707 682 0 0 1099 1079
706 707 0 1015 939 828
0 0 1107 797 0 1072
659 984 658 1061 0 689
0 785 1153 654 0 0
0 1027 737 0 1078 765
664 1003 1058 0 0 0
772 749 859 996 661 717
0 677 0 0 0 970
1043 0 0 0 0 725
685 692 661 727 989 1063
0 668 705 684 970 0
665 815 1100 700 0 0
0 0 1115 643 688 1062
785 1041 674 0 0 1144
0 843 672 841 0 982
1057 751 0 659 658 1115
0 787 718 999 652 865
0 1061 1126 0 677 0
0 0 1107 1099 0 0
688 0 729 732 674 1046