6
0 0 0 0 0 0
705 0 0 0 0 0
705 700 707 701 703 701
0 0 697 704 706 704
707 706 706 703 699 0
0 698 704 705 707 703
699 701 0 0 0 0
700 698 0 0 694 0
0 693 0 698 705 707
0 0 0 0 696 703
0 693 0 0 0 696
697 0 0 0 695 0
0 0 694 695 695 0
706 702 698 0 0 695
702 698 0 0 0 694
706 702 698 0 0 0
0 0 0 0 0 695
928 0 702 707 707 706
0 0 0 699 702 701
698 699 0 692 0 0
698 0 691 0 0 699
0 693 0 696 0 0
694 0 698 704 706 709
704 700 698 0 694 698
0 0 698 0 0 696
696 0 0 0 695 702
708 902 0 709 685 0
0 0 695 0 699 700
0 0 697 0 690 0
697 0 0 697 704 703
0 690 701 0 697 0
0 695 692 693 0 696
0 0 696 0 0 0
696 0 692 693 0 0
0 676 962 682 0 699
0 695 0 0 0 0
706 702 699 0 693 0
700 0 693 0 694 0
0 0 0 692 695 0
701 696 0 0 695 699
696 0 0 697 0 0
696 0 0 698 0 692
0 0 0 700 0 0
706 705 704 699 0 0
701 696 0 694 694 0
697 0 692 0 0 0
698 697 0 696 698 703
706 705 703 698 0 693
0 696 0 0 698 702
695 0 0 0 0 696
0 0 0 695 0 696
702 0 695 692 0 698
698 0 0 693 693 0
0 692 694 0 0 0
0 0 692 693 0 702
701 698 0 693 0 697
0 0 0 0 693 0
0 0 693 696 0 0
0 697 0 701 696 0
0 696 693 0 702 698
694 701 902 0 706 695
0 894 702 703 708 706
701 978 0 0 0 695
698 0 693 697 698 0
0 695 692 693 0 0
0 0 0 968 705 0
695 0 691 0 700 702
0 699 0 0 694 0
0 695 692 0 0 697
0 692 691 691 700 0
701 698 942 0 0 700
0 965 680 703 0 727
0 691 0 0 940 0
977 698 709 698 0 0
707 705 706 702 700 894
817 701 707 704 705 706
1012 0 702 691 689 0
698 882 703 696 693 0
714 695 0 1025 700 701
0 699 0 691 0 699
1021 0 709 0 0 692
951 700 0 692 0 706
708 702 0 949 0 716
690 966 0 704 701 698
703 707 713 0 0 975
0 0 918 703 705 704
932 0 0 0 0 691
0 977 705 0 0 0
697 0 934 0 702 702
0 0 0 0 0 953
688 902 698 0 707 694
695 703 0 970 0 0
958 702 0 703 706 710
724 0 691 0 969 699
709 700 701 942 0 0
704 707 700 704 933 0
704 702 708 703 711 759
0 0 0 690 922 705
0 0 696 931 703 701
698 0 958 0 703 0
967 701 704 700 0 703
687 955 980 0 0 0
700 0 0 957 704 709
687 0 967 0 0 691
0 0 0 0 973 0
663 683 0 1061 1126 0
696 0 707 972 702 707
704 704 707 710 760 697
784 1053 0 0 894 677
988 0 0 702 0 705
689 0 957 695 0 0
1107 1099 0 0 701 717
700 714 0 683 899 697
960 0 0 707 714 703
0 0 994 701 0 0
0 957 0 702 709 710
704 708 698 699 942 700
705 753 706 705 703 704
0 688 964 0 713 699
0 697 697 841 700 702
0 710 0 697 996 694
0 0 0 1017 0 725
0 703 0 974 0 698
0 693 975 0 0 0
946 700 0 689 0 0
0 695 699 706 703 781
0 965 689 0 692 0
706 0 694 0 691 1004
702 0 0 703 962 0
0 0 702 0 0 974
701 691 0 983 705 0
970 0 0 0 698 706
985 717 0 0 0 705
704 706 703 702 0 942
715 991 0 685 0 0
702 699 937 0 0 0
695 0 701 688 946 706
680 0 681 0 922 945
716 704 701 0 961 0
706 702 707 903 0 693
696 0 981 697 0 697
719 891 701 686 0 0
693 0 0 0 934 696
711 0 958 0 0 0
0 693 902 703 707 708
701 0 912 704 699 711
0 706 0 909 701 697
687 972 703 702 708 703
699 0 709 0 973 0
701 707 0 0 948 0
0 0 0 955 694 705
701 703 970 703 0 0
699 0 0 1015 0 689
0 0 689 0 941 0
0 685 1083 0 697 982
968 0 714 0 698 699
0 0 1115 643 688 1062
769 0 1055 0 724 732
699 701 816 700 700 701
0 0 0 698 694 816
717 698 0 0 990 1069
700 691 931 701 0 700
945 0 705 699 0 0
987 0 690 0 0 0
0 0 0 0 900 711
0 974 0 702 0 0
0 0 693 0 685 912
697 708 860 697 698 0
703 0 0 985 691 0
0 978 0 0 0 699
0 688 0 705 0 977
695 942 0 0 702 699
0 848 671 1171 0 685
972 0 0 689 0 0
0 0 700 701 700 818
0 0 0 693 0 964
0 0 701 0 963 697
673 1042 671 0 716 865
706 697 693 0 965 704
954 698 0 0 0 0
708 707 966 0 682 0
0 0 967 693 0 695
709 0 694 688 0 995
699 0 938 684 707 0
0 697 700 695 845 699
697 0 0 705 0 921
0 977 693 0 0 703
697 0 696 0 0 953
0 959 0 0 705 714
698 0 0 690 702 955
696 0 0 0 998 0
968 0 0 0 690 0
0 0 693 689 952 696
696 710 0 0 989 693
791 975 1068 1100 686 710
705 701 706 753 697 703
0 0 1015 0 719 0
702 706 0 0 694 941
0 713 961 0 0 709
0 695 700 0 699 937
0 695 688 710 0 1003
697 698 0 0 0 974
694 0 0 0 0 978
692 915 718 0 691 0
0 1000 0 726 0 1043
699 855 711 692 0 700
696 703 0 837 695 712
0 0 0 946 923 744
687 0 996 0 700 1057
695 700 691 1045 711 709
0 989 697 0 699 697
0 0 836 1056 0 777
692 909 707 0 0 0
980 689 0 709 695 0
0 684 705 0 1014 0
0 0 675 1027 670 0
0 691 0 0 0 958
0 1004 688 709 0 0
0 996 0 0 0 0
0 0 689 943 0 702
991 685 696 0 736 712
0 0 701 989 0 0
696 0 710 978 0 0
709 704 698 872 704 0
0 0 948 0 689 708
716 735 0 690 0 971
708 971 688 0 0 703
0 1012 993 725 740 685
0 0 703 685 952 0
0 989 0 729 0 695
0 0 678 934 852 0
704 709 703 0 699 978
0 1027 737 0 1078 765
0 695 693 980 697 0
688 0 693 975 0 708
708 709 707 698 705 1059
977 705 706 710 690 0
0 684 704 958 0 717
1094 0 1044 681 656 696
711 701 706 867 700 698
0 0 0 0 690 981
0 698 0 963 0 0
1017 1071 696 720 0 729
711 698 0 703 973 0
1031 703 707 706 706 707
709 995 0 0 701 0
0 685 710 0 0 987
0 992 0 681 717 0
0 0 962 0 0 700
0 711 705 916 0 0
0 0 0 691 984 0
1079 659 984 658 1061 0
698 0 0 955 0 0
0 691 986 698 0 0
1000 683 713 0 698 0
0 695 0 0 952 707
0 711 698 682 961 0
988 0 0 736 685 0
690 0 0 691 959 703
1084 703 0 0 1061 0
0 699 691 0 974 716
0 688 0 0 694 983
693 710 0 697 696 870
707 698 716 1066 724 0
0 1010 0 0 709 0
718 999 666 718 0 671
1026 699 703 0 0 0
725 0 718 1048 687 0
0 1051 703 711 702 704
0 702 0 1060 680 0
697 693 0 958 971 733
0 0 1023 682 715 0
657 791 975 1068 1100 686
685 663 683 0 1061 1126
713 827 704 705 721 712
0 693 0 1080 704 744
993 696 0 0 711 695
693 0 0 0 697 987
710 0 1054 705 739 696
946 679 694 858 773 692
959 687 693 0 0 717
0 0 999 0 0 0
1017 0 695 0 714 0
683 1032 0 674 752 1092
683 0 690 709 682 990
804 1094 717 0 904 670
701 980 0 0 0 0
701 979 0 700 0 698
0 1036 696 728 697 0
682 1065 0 686 783 0
954 689 0 0 696 0
683 0 1061 1126 0 677
984 658 1061 0 689 715
684 0 750 671 1077 0
0 0 0 1011 0 0
0 748 998 692 696 0
643 679 0 722 974 887
981 942 728 729 689 696
685 0 1153 724 671 834
0 0 701 708 0 1000
1121 0 698 0 0 983
974 0 689 727 0 700
0 684 0 700 988 0
675 1064 0 728 1086 731
1074 708 0 671 0 1089
1101 757 0 988 708 687
0 830 1060 0 699 0
1043 0 0 1004 0 713
721 722 689 903 1107 705
1115 643 688 1062 0 671
975 1068 1100 686 710 0
691 696 702 726 993 983
1051 697 648 696 712 1046
0 1061 0 696 1090 0
0 0 1107 1099 0 0
1000 0 726 0 1043 745
701 691 1023 711 700 698
730 766 678 679 0 1082
740 811 685 723 820 0
710 687 0 775 669 1137
0 0 1027 737 0 1078
0 1107 1099 0 0 701
1006 0 0 0 0 0
678 0 0 1091 1060 676
0 1094 0 1044 681 656
0 682 677 1071 700 715
678 851 851 685 855 708
684 1079 659 984 658 1061
1064 0 728 1086 731 731
671 1127 733 0 0 977
1057 751 0 659 658 1115
0 0 999 0 1017 672
667 1146 700 729 0 981
917 0 695 752 1039 0
0 687 0 701 686 1040
659 984 658 1061 0 689
716 681 0 785 1153 654
0 787 718 999 652 865
0 804 1094 717 0 904
703 666 664 1003 1058 0
757 701 1039 656 925 688
1061 0 696 1090 0 0
921 887 691 912 701 766
0 1115 643 688 1062 0
772 749 859 996 661 717
0 677 921 887 691 912
666 664 1003 1058 0 0
747 0 1077 0 0 938
686 0 0 1107 1099 0
0 689 712 760 739 1008
1046 0 0 714 696 965
785 1041 674 0 0 1144
0 0 1091 1060 676 745
1061 1126 0 677 0 668
681 657 791 975 1068 1100