6
0 0 0 0 0 0
0 0 700 980 0 0
701 696 0 0 698 0
705 707 705 706 702 702
0 692 694 0 0 0
706 702 704 700 0 0
702 698 0 0 0 694
701 696 0 0 0 0
697 0 0 696 0 693
0 696 691 693 0 698
694 0 699 703 704 707
698 0 0 0 695 0
0 695 0 694 691 0
696 0 0 698 702 704
0 0 0 698 701 705
0 699 704 703 706 707
0 0 696 0 0 697
706 706 703 699 0 692
0 693 0 0 700 0
698 0 691 0 0 0
707 707 703 703 699 0
0 692 0 699 705 705
700 0 0 694 692 0
0 0 695 0 690 0
705 0 0 0 0 0
0 693 692 694 0 0
0 0 692 694 701 0
0 0 698 700 706 707
708 697 699 957 0 0
0 0 0 693 0 0
697 696 0 696 701 704
694 0 0 0 696 698
702 696 0 693 0 698
699 691 0 0 696 702
700 0 0 700 0 0
942 695 0 689 0 0
707 702 698 0 0 694
0 700 693 0 0 694
699 0 0 0 0 696
703 702 697 0 693 695
0 692 0 0 0 0
705 703 700 0 0 0
694 0 692 0 0 703
695 708 903 0 696 695
0 0 694 691 0 700
0 0 0 695 698 0
0 0 0 0 699 703
698 0 695 0 694 0
0 692 0 0 0 699
694 0 682 977 0 712
0 0 694 0 0 0
706 832 0 0 688 699
953 682 699 0 709 694
0 0 0 0 0 698
0 0 695 0 698 702
0 0 0 0 695 0
0 0 694 693 0 0
0 0 694 0 946 0
705 706 703 706 766 700
0 695 693 0 701 701
700 698 0 693 694 0
696 0 695 693 0 0
0 693 0 704 0 0
698 696 0 693 0 0
0 698 0 0 698 702
697 0 694 693 0 697
930 0 702 709 707 705
0 685 704 0 0 946
710 0 953 0 0 0
695 0 690 0 700 702
706 702 699 0 693 0
0 695 0 694 0 701
0 940 0 701 707 709
705 704 777 704 703 701
697 938 0 0 0 0
695 0 0 710 0 937
823 702 703 705 707 705
0 0 0 697 0 697
697 0 695 691 693 0
702 705 711 0 0 971
0 689 691 694 692 0
0 703 698 814 704 703
940 0 699 0 0 690
0 693 693 0 697 0
700 697 0 0 0 971
704 0 703 0 700 998
974 0 702 0 698 694
703 708 702 701 0 944
695 702 0 897 699 703
0 0 0 690 892 704
704 705 705 705 705 774
0 705 0 696 970 699
725 0 698 966 684 0
703 0 0 972 701 706
691 0 700 949 706 706
984 689 0 0 705 0
724 818 696 693 0 0
934 707 0 700 704 712
716 0 693 688 0 988
0 702 0 946 700 706
708 706 700 891 712 0
0 687 968 0 716 702
0 0 0 969 0 0
709 706 707 699 699 1002
0 691 690 687 892 0
704 705 702 788 701 701
703 0 0 690 957 0
705 967 0 0 700 0
0 0 705 0 953 705
700 708 0 0 1001 692
685 969 688 0 709 704
0 0 0 697 687 952
692 0 0 0 697 939
698 690 0 989 705 0
0 982 0 715 0 694
698 697 957 0 0 701
718 0 908 0 700 708
956 688 0 712 693 0
684 1079 659 984 658 1061
0 932 699 703 706 705
704 705 700 703 940 0
0 675 944 681 0 699
0 0 950 0 0 706
0 685 0 968 694 0
0 701 716 0 904 956
954 0 0 706 711 706
0 744 995 732 697 0
704 0 931 703 704 708
697 944 687 704 0 682
700 817 703 703 704 705
697 980 0 0 0 692
0 692 0 708 977 0
683 0 1061 1126 0 677
0 0 698 832 707 706
702 695 918 708 0 698
968 0 0 0 698 705
700 0 952 684 705 0
0 685 1083 0 697 982
704 704 0 945 0 721
979 728 0 0 0 698
968 705 0 0 706 696
0 952 0 684 710 0
707 700 698 0 933 699
0 0 1008 0 716 0
0 682 693 706 0 1046
707 705 708 0 693 923
701 0 706 0 998 0
994 0 0 706 0 702
0 693 0 0 959 707
694 703 0 709 693 994
657 791 975 1068 1100 686
0 0 0 940 701 705
715 944 0 700 0 699
709 903 0 720 686 0
704 706 812 706 694 0
699 720 964 0 0 0
0 1016 698 723 697 0
693 0 0 0 946 700
719 705 701 0 961 0
998 0 716 1055 705 715
701 704 706 916 0 693
695 0 968 708 0 696
703 939 0 686 0 0
0 0 1027 737 0 1078
958 0 696 709 0 702
691 0 0 698 922 700
0 987 685 712 0 0
695 703 0 972 0 0
1003 0 700 703 689 0
0 0 1005 702 0 0
0 694 920 700 707 708
943 0 703 700 0 0
0 690 0 0 695 1001
0 0 694 948 0 704
702 0 0 991 692 0
791 975 1068 1100 686 710
0 702 690 0 994 686
694 940 0 700 704 701
990 690 710 701 0 0
0 975 0 0 698 0
0 966 0 0 0 0
663 683 0 1061 1126 0
1013 672 687 0 680 970
1061 1126 0 677 0 668
0 0 693 0 687 946
0 0 0 0 974 701
936 903 708 747 693 716
692 933 701 697 690 0
706 712 702 707 984 692
696 1042 0 681 748 0
692 928 707 0 686 0
950 700 703 700 0 702
0 970 687 0 688 0
0 992 0 724 0 0
0 971 0 0 0 696
975 687 711 0 695 0
688 0 966 0 0 692
715 734 0 693 0 992
704 709 0 0 710 997
0 0 1115 643 688 1062
693 0 695 700 864 701
693 0 689 693 688 885
0 845 736 0 700 676
0 0 0 688 0 952
700 0 0 978 0 693
0 947 682 705 0 725
691 0 0 0 993 0
0 700 947 887 686 826
956 728 698 717 681 0
0 990 707 0 0 0
685 0 976 704 0 0
0 696 973 0 0 0
702 701 0 692 978 696
0 0 981 693 0 701
687 662 692 0 919 1129
0 0 693 691 957 693
0 0 915 707 708 703
700 0 940 0 718 0
708 708 907 699 0 0
0 688 696 698 720 891
0 721 967 0 0 705
0 0 0 0 977 0
725 0 696 0 970 703
0 0 703 693 700 879
704 0 708 704 921 0
691 1018 0 0 733 708
0 691 712 0 1000 0
0 699 698 929 0 0
0 0 0 697 978 0
973 0 0 0 694 0
0 704 0 974 0 702
675 1064 0 728 1086 731
0 1032 694 0 698 699
1029 1027 668 0 753 0
712 971 690 0 0 701
0 0 0 0 691 981
985 0 690 0 0 0
750 0 691 0 0 1006
0 0 0 1006 0 717
0 689 958 0 713 0
699 0 722 956 0 0
707 707 958 0 687 0
1057 751 0 659 658 1115
691 0 0 0 0 970
0 0 962 0 687 711
711 748 970 677 716 0
728 903 685 746 870 0
705 701 706 691 871 884
1035 711 729 692 694 714
0 0 0 0 0 976
0 687 0 704 689 935
687 931 695 0 0 0
955 690 0 693 0 706
0 0 1107 1099 0 0
685 1028 700 710 711 702
0 686 0 0 0 967
678 0 0 1091 1060 676
0 956 0 0 702 716
702 0 0 690 705 969
1009 0 0 1070 0 770
0 0 982 0 0 0
0 703 699 1002 695 0
707 703 0 694 975 0
696 708 0 0 973 0
1028 697 692 730 715 704
1017 1071 696 720 0 729
1085 728 0 948 699 697
0 0 692 715 0 969
979 731 0 0 0 0
0 1005 926 712 724 689
0 0 706 0 0 990
0 701 699 702 830 698
1001 0 0 688 0 0
975 693 709 0 0 0
711 0 1077 0 725 701
707 682 0 0 1099 1079
985 0 699 0 706 0
0 0 0 978 701 0
984 658 1061 0 689 715
659 984 658 1061 0 689
1115 643 688 1062 0 671
1146 700 729 0 981 722
0 709 0 700 0 1013
913 754 647 668 709 944
696 695 953 696 698 704
0 1016 698 0 0 715
996 0 0 726 688 0
702 683 725 1064 705 0
696 0 0 954 1069 0
0 0 676 1006 725 0
0 691 1017 698 0 0
671 1127 733 0 0 977
703 666 664 1003 1058 0
675 1094 1080 0 633 681
1107 1099 0 0 701 717
0 1027 737 0 1078 765
981 0 0 0 0 708
0 804 1094 717 0 904
0 682 706 967 0 712
735 695 0 1051 701 702
0 1107 1099 0 0 701
0 1061 0 696 1090 0
743 1029 1027 668 0 753
713 697 713 997 685 691
698 697 0 991 991 767
0 0 700 675 1094 1080
681 657 791 975 1068 1100
683 1032 0 674 752 1092
690 0 1061 0 696 1090
0 713 0 0 1004 0
0 0 743 1029 1027 668
707 0 1015 939 828 699
691 704 689 897 723 709
0 0 0 743 1029 1027
1003 982 0 741 0 0
0 701 0 966 0 0
0 0 1007 683 708 0
0 999 684 688 1084 0
0 0 0 1094 0 1044
0 843 672 841 0 982
975 1068 1100 686 710 0
0 1005 1092 0 726 0
667 1146 700 729 0 981
0 700 675 1094 1080 0
678 724 1081 729 0 0
995 0 0 0 0 0
1107 692 657 724 699 1108
741 681 1089 708 937 671
694 0 1132 741 688 740
719 0 0 959 0 0
946 701 679 676 0 1112
737 931 690 666 873 820
1029 711 679 0 0 736
1061 0 696 1090 0 0
709 689 760 785 694 816
747 0 1077 0 0 938
1041 674 0 0 1144 0
804 1094 717 0 904 670
1094 0 1044 681 656 696
0 703 682 0 654 1131
1046 0 0 714 696 965
1079 659 984 658 1061 0
0 0 1091 1060 676 745
688 0 884 725 688 1105
0 0 684 1045 719 708
1074 708 0 671 0 1089
675 933 673 675 0 1086
0 688 676 1086 703 714
677 0 1096 677 749 699
672 742 657 0 1123 809
700 675 1094 1080 0 633
675 727 684 1079 659 984
1094 1080 0 633 681 0
0 787 718 999 652 865
0 848 671 1171 0 685
677 921 887 691 912 701
691 681 657 791 975 1068
1032 0 674 752 1092 0
785 1041 674 0 0 1144
1000 0 726 0 1043 745
680 0 848 671 1171 0
0 0 1094 0 1044 681
666 664 1003 1058 0 0
0 0 769 640 1059 0
0 0 948 1059 0 775
0 1094 0 1044 681 656