6
0 0 0 0 0 0
707 707 703 703 694 0
700 696 0 693 0 696
700 699 706 704 705 706
0 0 697 0 0 0
0 0 698 706 704 706
706 705 704 698 0 692
706 701 698 0 693 0
701 698 0 693 0 0
0 0 0 0 697 704
0 699 703 707 705 706
0 0 0 0 695 0
696 0 0 0 0 0
0 0 0 0 0 700
695 0 0 696 0 695
0 0 693 698 0 0
694 0 697 704 705 707
0 692 0 0 0 704
698 0 0 694 695 0
0 696 0 0 697 702
0 0 691 694 0 699
706 702 703 700 0 0
0 0 0 698 701 705
0 694 0 692 0 0
704 700 700 0 694 696
703 697 0 694 692 0
0 695 0 693 0 700
699 696 0 0 694 0
701 0 692 0 0 0
698 695 0 699 697 705
0 697 0 0 694 0
0 0 0 696 0 0
699 698 0 0 695 701
0 0 698 0 0 694
0 694 694 0 701 700
0 694 0 698 704 707
697 0 0 696 0 0
695 0 694 0 699 701
700 0 0 0 694 0
705 700 699 0 0 697
695 0 0 0 0 697
0 690 692 0 695 0
697 0 696 692 0 697
0 0 694 0 701 702
0 696 0 0 0 0
0 693 0 696 691 0
699 698 0 0 0 0
698 0 694 0 693 0
0 697 691 938 694 707
704 709 817 698 695 0
696 0 693 696 0 0
702 698 0 0 0 694
0 696 691 0 0 695
696 0 0 698 703 703
0 0 0 693 693 0
696 0 695 0 0 698
708 0 715 0 972 0
0 0 695 0 693 0
694 0 0 0 695 701
0 693 691 694 0 0
0 1000 0 707 0 0
1015 693 0 712 704 711
0 693 695 0 0 0
705 703 699 0 0 0
704 704 707 704 705 834
0 0 965 692 0 699
0 0 0 694 0 695
0 693 881 703 705 707
0 693 693 693 0 697
707 923 707 0 0 696
980 0 0 705 0 702
0 689 689 692 704 0
693 0 0 0 936 697
698 0 694 693 697 0
963 711 0 0 706 696
0 960 0 0 703 710
704 703 705 773 705 704
0 934 700 705 704 705
0 0 693 691 695 0
703 705 703 702 0 943
703 705 704 704 791 703
0 711 964 0 703 0
930 695 0 695 0 697
702 694 0 964 696 708
0 0 0 1002 0 722
713 0 695 689 0 982
0 685 1083 0 697 982
698 918 706 0 692 0
705 714 0 0 705 977
760 705 707 705 705 706
712 686 1045 701 736 703
704 959 0 0 699 0
0 697 703 698 809 701
707 700 708 901 0 693
948 0 700 703 705 706
0 0 743 1029 1027 668
711 699 0 700 950 0
961 701 704 705 705 707
0 734 978 699 695 0
0 706 0 707 0 988
0 0 0 0 949 701
0 964 923 725 719 688
697 0 694 698 901 700
0 696 0 0 956 705
699 753 708 705 705 706
704 708 704 716 793 0
700 700 811 703 701 703
687 0 979 699 0 0
704 0 701 0 701 987
0 701 695 704 710 824
667 1146 700 729 0 981
0 1016 698 723 697 0
950 0 0 0 0 697
703 702 0 0 948 0
971 0 691 0 698 699
972 703 703 696 0 703
707 735 0 691 0 970
0 691 0 710 969 0
712 819 701 699 0 0
0 0 0 697 885 703
703 705 0 955 0 727
0 0 952 0 690 709
698 711 0 0 991 694
692 958 0 712 697 697
693 0 691 970 0 711
0 0 986 700 0 0
709 698 704 965 0 0
0 0 0 692 971 0
0 0 696 0 692 941
701 0 693 0 0 945
976 0 0 0 0 0
962 0 0 0 701 706
700 675 1094 1080 0 633
739 0 693 0 935 703
711 0 961 0 0 0
0 848 671 1171 0 685
954 0 0 704 706 708
699 0 878 700 702 711
694 944 703 699 708 705
0 0 677 968 722 0
710 697 0 724 1015 686
909 0 898 0 718 720
694 704 0 973 0 0
0 696 0 959 0 0
0 965 690 0 688 0
695 0 0 0 994 0
0 0 0 943 698 705
703 705 941 702 0 0
0 704 0 702 964 699
707 703 699 706 1009 0
700 0 0 696 974 0
968 701 710 697 0 0
0 958 0 703 709 711
992 683 708 0 695 0
688 931 701 700 696 0
965 1046 684 719 0 702
0 974 0 0 0 698
0 0 935 704 704 705
704 711 919 0 694 0
696 901 727 701 0 685
696 692 0 0 0 971
949 0 707 700 0 0
698 708 957 0 0 0
704 961 0 684 0 0
0 0 686 0 0 954
709 702 705 925 697 0
0 934 682 703 0 735
0 699 888 0 0 722
0 690 709 0 998 0
698 0 0 698 939 715
0 701 0 926 700 703
704 927 708 0 0 0
0 0 695 712 0 958
701 0 0 688 691 953
704 951 0 0 0 0
698 0 686 984 708 705
704 697 707 0 941 702
712 694 1096 0 675 0
920 723 703 714 686 0
700 705 707 0 695 949
964 685 698 0 707 709
643 860 666 1069 0 702
0 0 717 0 956 696
0 0 0 977 701 0
0 951 0 687 713 0
691 0 1001 699 0 696
973 0 0 694 0 0
0 686 938 767 0 0
0 691 0 0 946 0
0 899 664 851 0 0
797 825 689 731 701 715
0 697 693 0 958 971
705 0 984 955 718 729
1051 697 648 696 712 1046
707 705 703 0 951 0
711 0 939 682 707 0
0 684 971 0 713 705
976 0 696 0 0 700
0 974 0 726 0 696
699 970 0 0 0 694
706 0 0 995 687 0
0 956 692 0 0 704
919 692 0 0 695 0
0 686 0 987 690 0
947 698 0 0 0 0
0 696 982 0 0 0
0 0 0 693 0 946
951 0 690 707 0 700
701 0 971 0 701 0
0 971 706 0 700 691
848 0 731 760 736 714
0 0 1011 0 717 0
697 0 0 708 0 940
965 700 0 678 0 1041
746 0 676 927 681 0
0 740 1049 0 0 701
698 0 0 982 0 691
698 0 686 699 689 898
701 0 0 964 701 709
695 0 953 0 707 708
704 948 0 704 0 696
706 890 0 714 684 0
984 658 1061 0 689 715
0 996 708 0 0 0
981 717 0 0 0 695
0 687 0 0 698 981
704 693 952 707 0 699
0 0 698 970 0 706
698 698 950 0 0 703
0 698 700 986 697 0
707 714 700 704 1014 706
702 710 715 0 0 997
0 697 0 982 0 703
690 0 990 0 0 694
715 708 707 697 698 1036
946 701 679 676 0 1112
1109 830 733 722 699 710
948 700 0 685 0 0
0 0 689 0 938 0
702 1046 0 681 744 0
0 0 693 677 932 0
0 1107 1099 0 0 701
0 0 701 696 834 703
0 994 688 695 0 0
698 819 712 0 706 696
0 700 947 887 686 826
0 0 1001 686 713 0
689 704 700 706 932 988
0 0 956 0 0 702
0 0 0 990 0 0
675 1064 0 728 1086 731
685 0 0 992 1023 0
0 970 0 0 693 0
0 675 957 679 0 704
0 0 0 0 0 1010
705 0 1070 705 720 703
696 0 0 0 0 991
0 1091 1060 676 745 695
697 1039 689 0 717 708
697 691 0 995 706 0
0 0 0 0 991 0
663 683 0 1061 1126 0
1064 0 728 1086 731 731
970 690 709 0 0 0
0 0 695 954 705 705
696 0 0 947 0 0
684 1079 659 984 658 1061
0 0 0 711 688 883
694 709 943 0 697 696
0 0 0 743 1029 1027
715 726 700 1022 689 884
975 1068 1100 686 710 0
0 843 672 841 0 982
0 703 690 0 994 689
0 697 684 928 0 0
0 686 699 713 0 1073
690 695 0 696 692 936
953 695 684 0 0 703
0 0 698 996 0 0
700 965 0 0 689 685
720 1001 0 0 818 721
685 718 0 682 753 693
706 698 708 960 700 690
643 679 0 722 974 887
771 0 699 706 1022 0
0 691 713 940 0 713
0 1061 1126 0 677 0
0 682 699 0 0 954
885 685 692 0 1022 0
977 0 0 706 686 0
995 0 708 0 692 0
694 0 0 0 697 960
0 0 0 0 687 964
0 0 1091 1060 676 745
0 999 0 1017 672 692
0 1002 0 0 0 0
0 733 703 678 976 0
687 848 677 691 0 1042
685 663 683 0 1061 1126
0 0 702 689 695 851
839 718 0 694 696 710
1115 643 688 1062 0 671
996 684 0 703 682 0
683 1032 0 674 752 1092
675 1094 1080 0 633 681
1017 0 691 694 689 0
0 707 1086 708 723 728
0 0 1004 0 0 0
970 0 0 0 694 0
1079 659 984 658 1061 0
0 0 1027 737 0 1078
1027 737 0 1078 765 688
0 0 700 675 1094 1080
1082 0 0 721 709 1034
682 1127 725 772 684 694
948 1059 0 775 0 0
0 701 678 0 676 1021
0 0 1115 643 688 1062
785 1041 674 0 0 1144
709 705 691 0 1083 702
1061 1126 0 677 0 668
1084 703 0 0 1061 0
697 894 863 690 799 700
1009 0 0 1070 0 770
1029 1027 668 0 753 0
680 0 848 671 1171 0
743 1029 1027 668 0 753
692 0 709 966 0 0
970 0 695 0 0 0
706 707 0 1015 939 828
791 975 1068 1100 686 710
0 804 1094 717 0 904
681 657 791 975 1068 1100
0 0 1107 1099 0 0
1107 1099 0 0 701 717
683 0 1061 1126 0 677
1146 700 729 0 981 722
680 0 708 0 1121 707
707 682 0 0 1099 1079
684 0 794 1124 686 0
0 712 1089 675 0 0
1061 0 696 1090 0 0
0 0 976 0 0 966
657 791 975 1068 1100 686
715 694 695 1036 973 0
0 1116 698 687 737 693
688 0 884 725 688 1105
1015 939 828 699 676 702
0 1043 0 0 1004 0
690 0 1061 0 696 1090
0 1027 737 0 1078 765
0 679 0 0 0 1019
671 1127 733 0 0 977
0 1061 0 696 1090 0
0 693 0 677 695 936
0 693 0 1101 682 912
666 664 1003 1058 0 0
1057 751 0 659 658 1115
678 0 0 1091 1060 676
1094 0 1044 681 656 696
0 743 1029 1027 668 0
731 680 0 848 671 1171
0 1115 643 688 1062 0
0 700 675 1094 1080 0
1094 1080 0 633 681 0
0 705 763 662 1075 669