6
0 0 0 0 0 0
703 700 699 0 693 696
695 0 696 694 0 698
0 698 705 705 707 705
694 0 0 0 697 701
704 706 703 702 700 702
699 695 0 0 695 699
707 703 704 699 0 692
704 697 0 691 0 696
0 0 0 698 701 706
0 692 0 0 0 696
707 706 706 704 699 0
0 0 0 0 698 702
706 703 699 0 691 0
706 705 704 698 0 0
0 693 698 0 0 0
700 702 0 0 0 0
696 0 0 0 0 696
698 0 0 0 694 0
696 0 696 0 0 0
0 0 698 701 706 707
696 0 691 0 701 702
699 690 0 699 699 705
703 703 697 0 0 0
699 699 0 0 699 0
694 0 701 702 706 708
705 701 697 0 0 696
703 696 0 693 692 0
700 700 0 695 0 0
695 0 0 0 0 0
0 695 0 699 706 706
696 0 0 694 0 0
0 0 0 691 698 0
0 0 0 693 0 697
700 0 694 0 694 0
0 697 0 0 697 703
0 0 696 0 0 0
0 0 696 0 0 695
702 697 0 0 0 694
0 706 699 0 693 0
0 0 0 0 0 696
698 0 693 690 0 0
696 0 0 694 0 698
0 695 0 695 0 699
0 0 697 694 0 703
698 0 692 0 0 697
0 695 693 0 0 694
0 703 0 704 0 985
0 696 692 691 0 697
0 694 0 0 698 0
0 0 693 695 0 0
0 0 0 0 694 0
701 0 0 693 694 0
0 0 696 0 699 701
704 703 705 705 705 772
0 693 0 697 693 0
0 898 0 962 703 687
707 900 0 710 690 0
695 0 0 698 702 704
934 0 705 704 706 706
0 698 0 0 0 0
0 693 692 695 0 0
0 693 697 0 700 701
0 0 0 696 0 0
697 0 691 693 697 0
0 0 697 0 692 0
721 0 940 0 705 707
0 692 0 691 0 0
698 698 699 0 1039 708
964 0 720 0 0 0
704 705 692 0 933 0
0 976 0 725 0 698
0 0 698 691 695 0
699 700 915 0 0 0
991 0 702 998 700 708
702 703 766 703 702 701
0 0 696 689 956 693
0 0 0 0 0 970
696 0 0 0 989 0
0 956 678 707 0 725
0 691 689 693 706 0
710 703 700 0 692 935
790 704 705 705 706 705
717 0 693 688 0 999
703 705 0 0 692 938
940 0 0 704 708 707
1012 0 702 691 689 0
0 0 941 703 706 703
706 0 696 0 707 992
694 705 933 0 697 697
700 0 0 967 0 690
701 711 888 698 693 0
687 907 700 0 711 694
971 703 709 695 0 0
982 719 0 0 0 702
703 706 704 702 754 701
0 0 1107 1099 0 0
0 1024 698 725 695 0
697 696 694 1009 936 0
0 903 698 702 708 705
703 700 923 0 0 708
0 0 0 937 699 705
710 700 701 933 0 0
696 0 706 952 0 0
932 0 690 703 0 700
705 696 0 929 0 714
0 0 672 970 723 0
701 700 707 925 0 691
699 814 702 696 0 685
688 941 734 0 0 0
700 0 0 701 971 0
703 703 703 761 701 701
0 738 979 693 693 0
965 0 0 0 698 703
697 697 0 0 0 975
0 689 714 0 973 0
0 690 951 702 706 708
715 694 0 695 952 0
705 707 702 706 923 0
696 0 975 698 0 0
963 706 0 688 0 0
0 0 0 0 965 700
804 1094 717 0 904 670
700 967 0 0 0 692
0 979 0 0 707 0
943 684 702 0 708 695
700 693 0 713 981 694
708 0 0 985 693 0
0 950 0 683 706 0
0 0 697 849 707 704
696 0 699 699 691 914
694 0 0 698 915 702
695 0 0 688 697 968
962 937 724 731 693 698
696 903 701 699 700 0
700 0 920 685 704 0
0 0 0 0 978 0
0 0 0 959 703 0
700 931 0 0 697 699
687 0 968 0 0 691
694 0 694 697 908 703
701 790 703 704 703 705
698 705 0 0 990 691
701 0 694 0 0 941
921 688 0 0 694 0
748 684 785 0 1010 0
0 957 705 0 703 693
708 707 708 699 702 995
0 676 962 682 0 699
0 696 0 955 0 0
705 708 699 697 889 702
980 680 712 0 690 0
0 1027 737 0 1078 765
699 698 0 965 701 711
707 709 701 702 0 860
0 695 0 0 951 702
702 0 961 0 711 0
693 977 0 715 698 694
0 700 687 0 971 723
701 0 0 937 0 0
705 714 701 699 0 1036
695 0 0 0 0 982
700 763 0 689 709 700
699 959 0 708 0 699
995 0 0 695 0 714
695 0 692 915 699 706
704 701 949 710 0 0
970 0 0 0 0 0
720 700 0 693 0 955
714 950 0 0 876 695
0 697 963 0 0 706
920 716 703 713 684 0
0 970 685 0 0 703
925 699 702 0 0 0
1051 697 648 696 712 1046
1021 0 705 0 0 705
767 701 665 0 1002 901
696 902 0 680 0 1027
696 0 981 704 0 700
981 697 0 699 708 713
689 0 682 989 0 713
703 680 688 0 874 1137
692 952 713 0 690 0
0 0 937 0 0 703
700 0 711 0 991 0
0 975 0 704 0 0
0 692 0 1001 700 0
695 0 0 0 941 699
1061 1126 0 677 0 668
710 937 703 0 0 698
985 704 709 701 0 701
0 0 998 701 0 0
0 961 0 0 699 712
0 685 712 943 0 703
0 0 699 992 0 0
699 706 708 0 0 994
1014 0 0 917 0 694
0 0 693 0 686 937
695 705 0 984 0 0
0 695 0 940 705 707
704 0 0 978 699 707
688 0 0 720 0 955
0 963 0 0 0 700
0 0 1037 0 721 0
0 954 0 697 711 711
0 697 693 848 702 702
0 997 707 0 0 0
684 1079 659 984 658 1061
1017 1071 696 720 0 729
952 0 0 0 0 698
742 0 696 0 990 701
0 0 691 0 0 955
715 1020 0 0 699 0
0 693 0 0 702 969
705 705 701 708 1062 711
0 999 685 703 0 0
987 0 698 0 698 692
711 706 701 929 703 0
0 0 1091 1060 676 745
0 1011 908 718 725 690
0 0 0 986 0 709
0 698 697 1006 694 0
1008 701 707 705 704 708
0 0 705 0 970 697
975 676 0 904 692 693
0 0 0 689 881 702
710 698 706 941 702 696
702 689 0 978 706 0
0 682 979 0 711 710
747 0 1077 0 0 938
0 0 0 0 683 968
700 692 931 712 0 699
0 683 706 0 0 953
700 731 0 692 698 990
0 0 977 0 689 715
0 722 681 935 0 0
0 0 690 0 960 0
715 697 701 0 856 692
681 900 871 695 846 706
703 0 966 703 707 707
0 999 684 688 1084 0
907 690 687 0 0 716
955 703 0 0 704 698
704 0 959 0 0 0
0 692 0 0 0 949
671 1127 733 0 0 977
691 0 971 987 735 735
0 0 0 693 0 964
704 706 964 0 690 0
961 0 0 693 0 0
683 0 1061 1126 0 677
694 0 0 0 693 962
735 688 1034 685 872 686
972 0 704 714 0 0
0 687 0 691 991 0
0 0 1027 737 0 1078
0 0 689 951 0 722
698 697 945 702 693 705
734 0 704 990 683 0
718 992 0 685 0 0
0 693 708 694 833 702
1030 0 0 750 682 0
0 0 0 966 0 0
975 0 0 0 690 0
715 712 712 758 789 698
0 0 0 691 975 0
0 683 690 701 0 1016
675 1064 0 728 1086 731
0 700 947 887 686 826
0 691 1007 0 0 0
0 848 671 1171 0 685
687 0 775 669 1137 0
690 1010 702 708 710 701
0 693 1010 689 0 0
702 702 0 0 965 0
710 864 706 687 0 0
0 1000 0 0 0 0
678 0 0 1028 1079 0
0 0 990 0 0 0
1146 700 729 0 981 722
696 704 690 696 948 940
0 0 690 685 921 0
0 698 702 700 699 790
946 693 0 0 0 0
695 741 681 1089 708 937
0 714 0 692 1011 705
871 831 709 804 708 745
0 0 0 696 683 981
0 696 0 981 0 695
0 0 695 695 687 860
1015 683 0 707 684 0
975 1068 1100 686 710 0
0 0 978 695 0 696
702 981 0 0 0 0
0 675 942 894 0 0
1018 0 698 0 715 0
0 701 680 0 658 1088
662 692 0 919 1129 0
0 0 695 706 0 1013
0 0 1009 0 0 1070
0 843 672 841 0 982
0 698 0 0 953 0
695 1049 0 671 743 0
0 1062 704 714 701 707
0 0 1073 686 733 0
0 684 0 712 693 957
731 680 0 848 671 1171
1107 1099 0 0 701 717
800 716 686 706 724 868
657 791 975 1068 1100 686
1061 0 696 1090 0 0
984 658 1061 0 689 715
693 956 675 0 701 991
931 687 682 0 988 0
0 0 1115 643 688 1062
957 712 0 696 0 702
0 961 693 0 684 0
0 804 1094 717 0 904
785 1041 674 0 0 1144
721 0 699 713 951 0
717 698 0 0 990 1069
0 1005 1092 0 726 0
1079 659 984 658 1061 0
678 0 0 1091 1060 676
687 0 996 0 700 1057
1057 751 0 659 658 1115
1084 703 0 0 1061 0
667 1146 700 729 0 981
0 661 693 675 965 0
0 728 689 1058 682 804
728 1009 660 712 0 677
0 956 1073 0 0 737
1082 0 0 721 709 1034
701 701 737 817 693 756
702 855 0 1028 0 766
903 1107 705 0 0 0
0 0 1094 0 1044 681
0 702 686 786 710 1024
0 678 1015 0 712 0
0 0 701 1186 720 708
1115 643 688 1062 0 671
0 675 1064 0 728 1086
0 1061 0 696 1090 0
0 0 948 1059 0 775
1032 0 674 752 1092 0
737 931 690 666 873 820
1074 708 0 671 0 1089
659 984 658 1061 0 689
1094 0 1044 681 656 696
681 657 791 975 1068 1100
666 664 1003 1058 0 0
1107 797 0 1072 747 678
0 0 0 1094 0 1044
791 975 1068 1100 686 710