6
0 0 0 0 0 0
714 692 702 693 711 727
685 674 0 832 680 660
729 699 0 0 685 683
685 693 698 665 785 0
633 681 0 0 0 0
0 698 0 0 737 691
685 704 692 682 0 666
735 0 666 0 0 0
0 711 752 722 717 669
693 788 707 0 0 694
685 678 786 728 0 0
674 0 0 0 682 680
0 0 0 733 750 757
700 670 0 0 0 685
733 687 806 0 0 0
0 0 0 698 0 684
685 0 694 717 704 704
674 684 696 0 1078 0
729 0 0 0 0 712
0 723 0 658 0 0
747 0 0 860 1077 0
692 678 0 664 0 0
0 0 684 721 706 684
0 725 0 0 674 0
698 752 0 697 667 0
687 711 0 0 712 0
0 0 680 828 0 739
0 0 0 0 0 683
0 748 0 667 693 741
0 0 0 0 658 0
674 0 722 0 686 699
0 0 665 0 664 726
0 0 659 0 0 0
652 0 680 0 681 0
673 0 662 707 694 0
723 0 0 0 664 0
0 666 667 0 0 700
0 747 661 0 0 0
0 725 0 0 0 0
0 1090 0 726 738 740
677 0 0 821 0 0
0 0 0 671 0 0
0 695 857 0 695 0
0 0 684 0 0 676
1072 0 682 0 712 706
0 0 695 673 689 0
0 733 0 0 0 673
647 0 710 0 0 704
711 655 705 0 673 0
693 0 0 731 0 688
694 693 0 681 0 720
671 927 670 0 733 0
0 642 672 688 0 686
671 0 652 649 0 0
709 663 675 0 696 794
0 0 0 0 725 709
693 0 0 835 906 686
715 0 0 666 681 734
0 0 668 0 912 0
690 0 0 0 0 0
0 690 684 0 742 680
1121 690 0 0 0 0
690 1107 692 657 724 699
1153 709 688 744 794 710
723 678 682 0 1057 751
679 0 0 724 705 0
0 782 0 669 0 662
0 0 676 677 0 0
667 1059 0 0 0 678
0 681 749 738 697 0
0 0 0 0 1125 704
0 0 900 1042 0 0
0 687 0 692 652 0
988 732 0 0 0 758
684 680 727 1084 0 701
684 727 729 1027 746 0
683 692 0 0 702 1061
0 0 0 679 668 0
0 736 667 930 0 0
664 0 660 715 0 668
0 670 720 977 679 704
694 0 702 667 1104 0
707 695 709 1020 0 0
0 0 0 660 1092 678
1034 680 0 725 654 0
681 683 0 0 1137 0
658 1061 0 689 715 661
763 1074 0 671 0 667
0 1083 731 0 0 0
1107 797 0 1072 747 678
660 0 0 0 0 1082
880 848 681 704 690 683
715 0 719 673 1031 672
668 1006 725 680 680 0
0 651 0 0 1031 771
667 0 0 0 1109 0
711 683 720 0 0 1055
0 1074 708 0 671 0
1108 0 791 0 0 640
915 688 0 753 762 744
677 0 708 664 0 1084
718 691 958 757 680 670
0 1046 665 0 0 726
678 0 0 1116 0 662
651 984 0 0 740 740
0 719 681 0 0 1069
0 0 1026 694 0 684
692 1004 0 800 707 0
0 934 677 670 685 691
0 700 675 1094 1080 0
0 728 1086 731 731 759
857 766 692 653 0 0
750 0 984 0 748 0
751 0 968 700 668 696
665 924 701 747 661 658
1020 0 708 695 0 0
698 698 973 0 889 722
652 660 929 699 0 838
716 672 650 692 1103 674
691 961 659 0 0 0
685 718 854 0 692 654
682 698 685 672 848 950
0 677 921 887 691 912
0 0 0 0 0 1116
711 0 1040 0 721 680
763 683 696 722 672 1080
0 0 1050 681 905 705
690 895 687 0 729 686
0 744 0 0 734 1084
0 681 659 739 0 1100
0 0 0 1082 0 0
693 705 0 671 927 670
0 652 827 735 0 0
692 753 699 731 1077 0
0 1051 0 795 0 0
0 683 1032 0 674 752
1165 0 0 0 689 0
724 834 0 922 643 750
1095 0 713 702 768 684
0 0 0 0 1104 0
0 667 1146 700 729 0
0 0 733 1103 711 742
0 658 669 672 921 708
1007 0 688 831 0 646
0 698 0 952 0 745
772 691 687 961 685 692
0 735 0 0 1072 0
650 736 0 655 668 995
690 708 980 899 685 0
681 953 773 730 0 732
1104 0 0 0 0 0
0 1012 700 0 689 725
690 687 0 967 1043 707
0 677 1075 663 0 686
976 0 678 0 958 0
1088 0 0 668 0 0
0 689 0 1030 0 0
775 1088 0 0 668 0
725 763 1074 0 671 0
0 655 684 1048 676 0
692 780 666 686 0 1104
1042 0 0 673 705 0
0 0 0 1088 661 721
693 0 1025 0 0 0
1003 1058 0 0 0 0
0 657 0 674 1076 657
698 0 0 0 667 1059
0 761 1082 0 0 0
0 0 0 724 1075 0
977 0 674 884 688 693
672 687 0 680 970 0
975 0 0 742 724 673
0 1061 0 696 1090 0
917 707 694 736 679 0
697 701 0 676 0 1109
1050 652 667 695 672 788
1109 0 0 0 679 717
0 731 1019 0 0 811
708 976 0 678 0 958
0 1091 1060 676 745 695
789 0 701 0 0 1013
784 674 0 975 0 0
0 0 0 1109 0 659
0 879 0 0 680 859
0 626 736 674 1076 0
975 1068 1100 686 710 0
680 700 724 834 0 922
0 0 775 664 0 979
0 979 698 685 0 0
0 676 0 0 0 1110
0 665 679 0 945 0
0 0 1104 0 0 0
0 1110 0 0 0 699
0 0 772 691 687 961
696 670 1084 0 0 734
658 0 1126 664 0 0
0 0 695 957 984 0
676 0 0 1056 698 688
0 0 667 0 1117 685
1031 672 790 688 0 675
1061 659 687 749 0 0
657 0 1123 809 686 726
685 0 692 1004 0 800
709 0 1048 677 685 0
0 0 938 0 656 0
671 0 0 0 1054 784
0 652 689 663 696 954
0 706 707 0 1015 939
700 675 1094 1080 0 633
664 843 846 685 835 683
0 988 694 671 683 0
659 0 0 727 1178 704
695 0 732 1003 674 0
1061 0 696 1090 0 0
692 683 0 0 0 1128
937 0 700 0 1072 686
0 0 1088 661 721 0
1094 0 1044 681 656 696
713 891 677 0 686 1025
1099 757 890 683 708 689
682 819 728 839 874 0
928 701 689 0 889 0
764 661 732 790 900 679
724 695 0 1127 0 706
0 667 0 1117 685 0
903 1107 705 0 0 0
678 1041 673 695 0 0
0 726 0 1043 745 700
1111 699 0 0 669 0
680 0 0 637 0 991
0 724 719 0 1170 655
0 0 714 0 0 1053
707 0 709 0 686 1071
0 0 0 1079 672 0
0 682 0 914 910 0
1140 698 0 730 0 0
0 0 0 693 0 1101
732 0 0 1081 740 0
681 657 791 975 1068 1100
692 0 970 677 0 704
1128 0 0 0 0 725
0 0 1007 0 688 831
1069 669 0 0 684 747
679 0 722 974 887 681
671 1127 733 0 0 977
0 0 1119 0 0 692
758 692 0 977 688 0
715 681 0 916 0 874
1146 700 729 0 981 722
1132 0 0 685 0 729
0 1011 660 701 0 862
722 0 1109 0 0 678
0 671 0 730 880 848
0 0 1083 731 0 0
1048 690 683 0 0 0
0 742 684 0 706 1021
1090 715 704 0 0 873
738 753 945 654 830 0
804 1094 717 0 904 670
750 658 889 830 0 669
0 0 706 669 1122 691
1064 0 728 1086 731 731
0 1115 643 688 1062 0
719 681 0 0 1069 669
975 0 898 650 702 0
0 731 0 674 0 1101
948 1059 0 775 0 0
0 675 1064 0 728 1086
741 0 815 0 899 672
667 1146 700 729 0 981
1068 1100 686 710 0 721
1036 688 666 0 688 685
1091 1060 676 745 695 704
0 0 0 650 671 999
0 674 752 1092 0 686
0 1119 0 0 692 692
717 785 1041 674 0 0
678 0 0 1091 1060 676
0 1061 0 889 0 675
0 1127 0 706 644 0
0 0 959 908 795 721
715 755 678 1099 757 890
0 0 769 640 1059 0
0 0 700 675 1094 1080
709 721 894 682 714 1027
0 663 654 920 0 858
704 0 667 1146 700 729
679 686 762 815 668 894
877 0 734 686 0 780
1056 688 842 657 700 0
0 0 689 1081 684 0
696 676 0 1056 688 842
700 0 682 0 914 910
676 0 713 0 1040 0
709 1030 0 0 967 668
931 690 666 873 820 703
0 785 1153 654 0 0
0 0 1094 0 1044 681
684 1079 659 984 658 1061
0 1107 1099 0 0 701
994 702 639 669 725 984
0 1094 0 1044 681 656
0 1015 939 828 699 676
0 0 0 959 908 795
0 0 0 0 933 938
865 839 0 661 691 703
0 0 806 0 888 793
691 0 0 706 669 1122
743 1029 1027 668 0 753
0 948 1059 0 775 0
0 661 871 668 0 888
703 666 664 1003 1058 0
673 0 800 0 1125 763
768 0 678 686 880 856
675 871 0 0 0 883
1055 676 0 682 0 671
786 0 745 910 0 0
691 681 657 791 975 1068
1076 0 666 682 657 0
0 1128 0 0 0 0
873 0 871 0 682 794
0 0 0 0 657 1104
859 996 661 717 0 649
0 0 685 0 707 1085
724 1009 887 781 735 689
663 0 0 671 913 889
755 678 1099 757 890 683
824 753 0 0 936 0
666 664 1003 1058 0 0
683 0 1061 1126 0 677
689 914 0 771 772 772
1074 708 0 671 0 1089
1101 670 720 0 691 0
926 0 801 0 674 0
671 1171 0 685 0 0
0 0 743 1029 1027 668
1115 643 688 1062 0 671
785 1153 654 0 0 685
854 0 0 672 961 0
0 0 948 1059 0 775
0 654 0 673 666 1084
693 0 1101 682 912 686
710 0 626 736 674 1076
737 931 690 666 873 820
675 1094 1080 0 633 681
683 1032 0 674 752 1092
1082 0 0 721 709 1034
695 1103 0 666 878 0
685 663 683 0 1061 1126
664 1003 1058 0 0 0
1009 0 0 1070 0 770
0 1153 709 688 744 794
743 794 826 764 669 0
865 733 722 679 0 883
939 666 675 0 0 671
675 1064 0 728 1086 731
738 687 1017 0 659 843
1079 659 984 658 1061 0
0 0 1107 797 0 1072
785 1041 674 0 0 1144
1124 659 0 684 687 710
657 791 975 1068 1100 686
0 804 1094 717 0 904
0 919 0 736 869 0
0 1082 0 0 721 0
0 0 1091 1060 676 745
1107 1099 0 0 701 717
0 914 910 0 722 664
791 975 1068 1100 686 710
681 0 931 980 671 775
0 778 696 807 671 840
0 0 0 1094 0 1044
672 695 835 733 1032 757
1051 0 795 0 0 0
0 671 0 680 1079 0
679 671 1068 637 680 0
673 726 1115 758 0 672
659 984 658 1061 0 689
648 1112 0 0 0 0
0 743 1029 1027 668 0
1032 0 674 752 1092 0
1029 1027 668 0 753 0
984 658 1061 0 689 715
734 716 681 0 785 1153
680 674 1165 0 0 0
887 691 912 701 766 779
731 680 0 848 671 1171
676 678 0 0 1091 1060
1094 1080 0 633 681 0
0 0 0 743 1029 1027
699 1058 905 0 706 0
0 948 677 0 1084 783
0 967 1043 707 731 0
0 0 1115 643 688 1062
663 683 0 1061 1126 0
742 657 0 1123 809 686
1057 751 0 659 658 1115